9
205
20
5
192
15
175
9
42
358
51
12
200
103
13
109
129
123
20
2
123
10
106
90
16
51
18
87
190
8
12
17
9
120
101
126
346
129
374
16
302
362
56
22
266
211
26
129
48
46
6
4
21
103
138
289
20
358
12
218
309
5
12
31
72
218
4
40
272
200
5
13
25
6
22
110
14
8
4
81
228
7
2
144
68
3
312
55
52
2
4
2
270
102
46
122
30
113
14
197
212
66
202
16
44
104
305
393
2
48
5
13
31
6
32
86
128
54
356
23
2
95
38
13
39
20
21
5
11
83
33
10
3
64
212
4
11
212
209
12
6
392
156
7
14
177
9
143
7
9
5
19
32
14
3
12
296
50
2
18
39
84
10
203
18
2
7
57
453
462
39
2
11
45
421
40
4
8
93
370
2
5
47
31
238
12
70
15
20
4
5
19
5
141
6
4
126
16
18
2
84
234
207
30
26
375
36
2
10
30
117
6
8
5
96
181
177
23
48
7
155
14
10
199
242
14
8
48
176
10
5
16
110
20
15
18
193
2
20
69
153
335
23
210
11
75
189
103
242
133
5
2
4
465
303
50
114
12
364
20
12
131
7
32
313
76
288
4
9
182
8
69
9
463
22
32
16
40
227
17
174
352
13
2
22
9
275
13
20
5
244
7
24
4
89
6
50
10
93
98
2
2
8
310
4
7
15
2
53
66
82
48
8
472
121
16
36
23
107
69
26
4
364
24
490
117
13
83
106
9
140
30
124
2
6
66
25
7
10
20
88
2
2
202
3
4
52
11
2
175
45
21
38
24
24
2
5
29
165
237
9
41
29
17
11
107
7
70
8
6
10
112
228
8
15
50
2
115
28
5
2
2
8
7
127
6
464
65
12
41
14
6
16
4
285
461
46
20
2
4
39
97
9
13
28
22
2
270
131
37
9
11
20
2
20
45
2
11
22
180
4
57
144
151
39
240
32
8
2
20
327
48
10
14
104
25
212
15
124
390
6
354
35
132
18
62
8
4
16
2
134
105
34
10
35
67
32
4
4
20
195
2
413
4
12
20
20
8
8
4
82
147
2
24
145
101
12
4
13
31
8
9
13
8
100
176
27
174
4
6
59
14
123
9
17
96
11
21
12
22
488
55
3
14
193
67
10
26
148
23
126
24
407
4
73
20
268
42
111
19
8
30
22
70
2
20
18
22
54
390
2
9
2
8
4
18
73
6
20
2
6
130
9
2
19
12
337
13
78
14
37
2
4
36
82
10
56
6
17
13
15
13
5
20
92
4
16
169
36
14
4
7
55
14
3
154
10
232
6
157
79
6
2
2
223
3
20
21
5
332
8
14
15
164
54
303
12
17
283
20
2
7
20
4
81
4
144
6
4
4
115
22
30
21
197
3
16
37
8
122
2
5
172
108
24
3
419
10
256
2
45
4
2
4
112
4
14
256
87
10
5
4
110
255
116
432
33
4
2
20
45
22
4
8
27
10
177
15
34
376
6
20
8
23
179
25
215
9
68
12
27
12
4
30
49
11
4
20
48
8
23
23
6
43
4
261
45
227
28
15
2
120
39
6
2
150
29
6
107
8
17
25
2
4
16
257
21
11
175
108
286
2
2
14
2
12
20
108
24
4
12
32
151
61
19
23
42
2
348
2
17
105
17
197
7
18
66
45
9
19
4
90
22
16
4
12
11
11
23
2
218
5
11
25
5
13
160
20
111
20
16
6
5
4
9
2
12
18
8
20
24
4
2
445
33
17
8
7
204
20
116
262
323
27
5
4
39
17
2
9
10
132
128
2
9
238
6
8
129
222
12
8
5
21
123
10
128
228
27
7
8
7
4
113
2
61
17
2
8
8
4
14
134
16
41
6
6
139
10
6
7
33
2
70
253
9
224
4
108
148
441
6
67
104
253
3
57
9
10
14
70
371
27
24
13
10
5
42
14
2
33
12
10
6
20
2
48
11
32
5
8
14
88
26
7
3
22
292
33
2
310
4
17
16
27
177
36
129
14
54
13
15
63
2
4
3
69
27
2
452
12
6
20
319
10
4
9
237
2
219
6
314
32
6
9
45
27
8
283
12
165
352
138
44
20
2
2
11
133
12
26
15
294
61
16
3
57
18
205
4
2
202
18
15
8
24
14
8
402
15
14
126
75
14
20
14
13
71
2
16
4
18
37
5
11
18
16
17
20
20
2
5
67
35
11
27
5
2
16
7
78
6
9
17
78
81
20
37
14
10
292
17
16
40
8
10
45
24
41
15
11
4
4
2
8
4
7
12
38
13
11
6
8
13
186
12
2
234
27
6
4
10
88
11
118
36
28
80
6
4
4
21
23
10
4
457
17
259
24
3
358
8
4
13
5
43
20
26
20
2
4
8
499
18
7
10
34
20
27
13
3
114
29
2
2
7
60
189
16
13
70
336
2
238
36
8
2
13
50
9
10
135
5
110
6
20
20
126
9
365
5
31
400
259
146
4
180
59
283
35
4
39
135
10
16
12
96
4
6
29
10
9
2
15
10
30
122
19
20
6
3
2
6
5
20
16
7
98
4
58
16
110
370
19
14
21
192
19
8
4
356
9
163
2
3
354
8
7
52
275
7
7
13
31
32
16
121
21
290
136
7
26
8
59
123
4
6
27
10
16
9
8
25
10
117
417
16
12
3
2
164
68
100
2
316
6
12
23
9
119
8
38
5
13
10
8
140
3
12
16
13
60
14
4
5
45
2
14
3
49
4
306
142
20
5
106
8
21
15
10
3
21
22
7
20
24
351
141
4
297
6
450
14
9
2
132
10
2
37
3
350
299
2
12
41
116
24
106
14
7
4
2
422
10
83
2
164
2
16
2
4
16
4
2
41
24
4
6
6
212
9
66
9
5
422
27
9
44
110
24
174
6
20
6
438
60
3
2
387
111
28
4
89
8
5
282
9
77
9
9
7
7
12
104
126
37
12
3
9
13
11
3
177
4
4
13
15
162
4
36
36
254
348
3
19
39
320
228
85
57
10
16
12
3
402
8
8
20
13
301
219
199
283
4
27
17
67
6
2
7
10
123
18
8
147
4
9
2
66
10
48
5
8
11
116
26
5
3
6
4
2
7
96
466
12
5
16
43
164
13
2
64
24
22
5
376
438
18
20
5
213
363
41
7
20
207
5
20
20
2
13
2
53
7
10
198
77
19
29
316
205
14
5
20
7
7
51
9
92
107
114
300
10
6
4
44
5
6
7
2
14
66
4
4
116
3
145
227
11
12
174
4
128
28
22
77
2
20
127
12
286
157
11
10
121
9
5
5
15
116
7
463
407
7
33
3
14
4
28
2
11
9
2
2
8
88
10
132
139
9
16
28
20
29
4
16
10
145
13
5
20
94
370
24
194
298
50
21
8
39
16
14
22
2
6
310
6
2
343
104
2
6
42
2
18
23
2
10
11
5
7
7
93
265
28
18
6
7
266
8
2
43
22
124
4
4
27
13
4
250
7
6
2
217
2
20
78
494
136
12
44
48
20
14
32
39
269
3
203
11
16
2
211
318
9
3
2
4
3
4
9
20
6
278
6
149
25
10
147
8
47
16
27
20
15
10
4
2
129
5
7
9
8
4
4
72
7
5
80
25
93
6
4
238
5
17
2
11
5
35
5
70
2
4
11
44
497
2
9
2
2
159
2
408
248
4
87
14
16
7
8
2
9
418
12
5
180
15
4
20
9
2
24
5
5
20
3
13
11
43
10
122
2
2
43
7
12
3
116
6
19
6
8
5
4
15
26
21
9
10
10
27
12
118
4
2
10
9
24
2
20
170
2
26
7
128
179
2
119
20
20
10
15
20
13
172
2
8
4
11
5
369
12
14
20
8
4
372
4
18
45
2
6
28
4
4
11
5
17
11
16
12
7
4
204
22
8
6
5
50
10
3
8
8
8
16
11
110
18
12
66
104
16
131
4
94
2
5
261
10
14
224
3
5
7
13
4
4
48
9
14
16
8
183
4
4
26
163
27
3
33
7
20
3
5
5
5
9
2
10
168
441
6
251
292
5
6
2
20
5
291
167
20
475
7
13
8
3
123
12
4
10
13
134
4
3
17
4
38
17
2
140
2
18
4
6
2
4
10
450
21
4
15
5
11
189
4
9
215
20
2
54
72
84
6
270
24
6
20
7
10
62
2
6
171
2
309
20
9
4
108
2
4
12
20
4
4
4
4
8
2
4
196
12
9
16
35
4
9
20
9
3
4
10
8
144
5
19
124
9
20
10
4
2
356
5
8
39
6
11
117
90
13
19
2
16
18
2
22
100
9
99
359
4
20
8
12
3
6
15
13
56
2
57
7
2
3
352
2
48
2
2
34
97
2
35
6
4
4
6
125
110
10
53
2
12
326
171
206
8
2
219
7
10
329
20
2
5
18
223
6
4
4
4
4
13
5
123
12
189
9
6
8
20
2
4
6
214
7
170
8
6
8
140
10
2
126
10
11
194
2
140
385
10
8
9
142
246
10
20
10
338
241
172
14
12
20
282
7
7
215
104
8
8
266
3
2
2
110
12
30
6
110
3
2
8
9
2
4
4
2
363
20
260
438
20
2
334
82
23
181
6
20
4
2
216
2
126
9
5
21
26
10
2
86
30
20
18
460
9
2
4
108
2
8
42
7
10
27
32
4
56
80
10
12
27
8
49
9
6
9
122
7
280
6
17
2
263
16
293
80
148
4
6
14
17
6
14
16
10
7
104
4
9
7
12
4
32
5
63
4
14
320
15
4
16
2
468
4
2
136
41
41
14
490
124
7
43
8
50
14
17
55
212
9
5
2
10
20
139
12
15
4
58
20
6
2
4
12
11
160
3
12
12
27
124
2
3
2
2
109
2
4
12
6
4
2
196
16
2
17
9
3
21
3
146
2
302
17
367
14
2
7
6
384
8
6
92
6
37
33
2
200
4
204
2
15
8
20
4
23
316
15
6
8
62
4
105
24
4
10
6
16
20
9
6
179
4
4
3
116
9
339
40
2
214
24
7
72
224
149
112
12
2
94
38
18
8
6
2
5
469
4
2
8
7
366
20
47
297
4
130
6
3
18
21
84
2
12
18
8
20
229
376
495
117
137
6
4
348
42
73
24
93
166
16
8
4
3
58
12
7
8
4
416
10
275
493
7
28
4
25
402
6
7
4
15
424
240
2
66
484
238
6
16
6
123
4
24
7
2
102
4
140
2
2
24
105
2
6
7
9
12
2
8
216
42
42
4
49
2
401
2
95
8
10
6
20
8
50
18
11
4
4
2
12
4
34
6
2
4
2
82
210
6
10
2
13
56
2
394
351
74
136
10
2
2
46
6
6
74
4
2
9
32
44
3
6
28
2
6
4
4
177
4
8
124
69
15
2
4
8
5
10
2
35
23
8
6
7
228
3
10
155
4
9
6
15
8
44
11
9
130
148
7
2
20
4
3
218
46
107
8
6
186
21
2
2
3
154
193
2
5
340
344
2
16
88
176
2
126
55
8
286
204
22
101
5
7
10
216
7
15
20
400
15
128
10
189
23
2
6
2
8
3
100
389
2
5
364
4
18
20
14
5
2
20
42
2
103
20
262
8
2
4
7
9
10
7
7
4
8
5
4
2
8
48
3
24
20
2
6
4
8
107
10
52
2
10
271
125
13
28
73
14
20
12
15
8
170
6
9
9
127
106
6
116
190
4
8
374
2
2
4
18
15
5
10
9
36
14
54
2
2
19
9
2
55
5
20
10
132
7
468
180
4
32
4
20
24
2
5
66
2
10
215
2
4
20
12
25
2
42
5
12
50
3
2
27
3
2
2
36
2
4
5
4
8
12
9
6
146
484
6
2
292
4
2
3
3
11
54
60
20
2
11
12
34
153
60
12
4
20
4
102
4
237
4
9
140
36
2
10
20
20
184
2
106
47
2
3
124
2
6
136
484
90
8
8
4
4
153
284
277
112
10
46
11
36
7
106
2
355
9
420
9
176
48
10
7
25
22
128
12
197
4
3
4
4
7
8
36
9
3
6
20
2
6
2
8
121
2
13
8
9
13
5
389
27
4
6
20
491
2
4
2
8
183
13
14
2
4
176
16
218
4
3
112
8
6
116
138
5
5
16
4
20
2
20
20
31
10
21
6
104
3
2
4
2
8
12
4
499
20
106
257
2
51
21
4
5
21
2
148
5
61
8
56
2
358
3
12
8
16
105
2
132
9
5
8
10
2
6
13
8
2
4
2
6
264
64
5
20
12
6
2
4
134
8
21
3
17
20
20
9
5
377
2
3
10
80
121
24
4
247
6
2
396
8
328
45
10
4
2
41
328
323
12
30
151
6
69
232
20
2
4
22
306
2
4
18
183
20
95
20
113
20
8
2
453
6
67
20
5
3
3
8
2
7
230
14
155
20
26
42
42
2
200
4
3
4
9
225
7
224
2
3
198
2
140
10
20
275
6
148
2
8
2
2
10
30
166
132
150
4
3
7
346
109
341
211
207
4
3
5
493
4
212
20
9
8
20
12
27
32
2
4
5
20
100
156
16
5
4
16
28
20
3
130
70
7
5
3
4
148
6
96
8
18
10
10
20
3
4
2
3
17
2
6
4
4
4
12
7
280
9
32
184
5
6
110
11
6
4
15
2
3
13
5
7
352
36
113
2
11
2
16
284
8
11
4
4
52
18
198
102
3
41
60
20
13
7
5
2
368
10
120
10
4
2
161
3
4
128
4
6
6
8
416
223
9
8
3
86
2
8
18
253
10
9
10
14
50
10
7
7
13
20
46
12
18
5
20
120
54
26
20
24
6
20
7
20
12
2
10
238
14
139
7
8
4
80
2
130
5
2
67
23
8
4
4
4
294
10
15
114
2
145
484
96
2
240
113
12
7
20
2
4
16
334
4
10
242
11
10
6
16
5
3
8
2
2
4
216
4
6
4
4
28
7
108
6
13
332
20
6
8
18
8
2
3
2
5
168
4
4
4
9
7
211
7
58
5
54
20
6
56
17
2
6
26
207
16
4
2
2
12
2
2
14
12
4
5
20
12
275
2
5
4
187
4
2
6
4
2
4
2
7
145
14
2
8
2
300
2
4
9
126
266
16
4
4
135
20
490
8
3
119
14
12
6
2
12
102
5
4
2
68
6
20
2
105
16
5
4
9
192
4
2
113
12
72
472
132
2
8
12
8
4
16
8
3
6
7
8
8
39
2
92
3
9
368
2
2
2
114
12
234
20
20
8
114
4
3
4
7
2
2
4
4
15
2
106
2
5
191
5
239
276
2
9
295
12
92
6
3
2
4
462
17
2
2
130
8
9
13
408
14
52
9
74
23
8
166
2
82
327
10
4
6
20
13
2
9
132
20
110
2
11
6
4
4
33
14
37
2
3
462
5
102
2
8
3
2
34
8
12
10
136
254
19
12
15
8
116
2
124
5
8
217
3
102
20
2
222
4
344
3
28
4
180
246
6
6
20
2
12
236
5
32
6
2
2
6
5
10
2
8
30
31
63
4
2
2
4
8
141
2
183
2
188
66
230
98
2
9
174
156
5
192
3
6
4
15
2
149
3
3
17
6
184
4
91
5
2
2
2
252
5
17
4
5
2
20
4
122
4
2
288
2
62
18
20
65
2
2
2
14
15
2
3
4
4
128
16
89
20
54
8
4
2
10
92
6
3
2
4
5
8
2
20
20
9
260
224
4
5
2
2
6
330
10
2
316
16
210
10
2
14
4
5
6
120
2
472
10
5
2
6
163
2
28
9
168
13
2
2
2
32
214
16
4
373
22
6
4
6
9
20
20
2
4
25
432
9
8
9
6
9
76
2
2
335
74
14
10
10
3
8
39
6
118
3
140
174
3
4
4
158
6
20
4
64
20
106
7
18
176
8
8
4
2
158
20
2
328
2
2
124
5
20
18
2
10
64
2
2
3
9
24
2
38
134
4
4
429
204
6
6
8
6
12
484
3
4
2
4
9
74
6
2
370
10
2
100
6
4
261
7
2
7
8
182
7
106
133
20
6
6
32
2
226
19
434
2
14
128
6
8
10
245
10
110
166
20
372
4
180
5
20
4
12
3
8
2
2
322
2
2
4
11
8
11
8
7
20
6
4
14
280
38
8
154
2
28
9
6
4
4
8
6
2
7
12
24
8
8
2
40
136
2
16
52
12
3
156
7
68
3
4
4
8
26
2
42
2
2
6
2
12
2
3
20
6
4
90
5
129
20
6
6
12
7
64
12
10
2
6
128
2
218
344
79
108
52
9
2
20
9
23
172
2
2
4
2
12
2
2
5
2
347
8
20
2
6
2
153
187
2
4
4
7
4
6
4
16
4
20
42
8
96
4
20
8
4
3
7
10
3
30
5
6
4
2
32
16
2
20
2
2
16
7
2
330
114
3
74
55
7
2
10
4
9
13
7
369
5
3
2
170
2
6
2
2
2
116
55
113
4
55
6
2
16
6
4
93
34
154
2
49
5
6
6
4
2
384
8
174
4
10
12
20
322
4
5
8
8
78
2
82
22
11
130
2
22
12
8
15
4
196
7
20
20
4
4
8
8
8
42
6
107
2
6
160
4
13
20
22
9
6
5
4
28
2
21
4
2
322
2
5
20
2
47
20
2
2
258
4
118
2
3
7
20
2
16
4
6
2
3
114
222
220
116
10
4
2
6
288
2
135
48
336
2
173
10
2
4
20
52
20
2
492
4
46
104
6
4
14
24
2
128
2
8
16
5
45
9
128
20
12
2
12
10
4
4
14
2
2
48
12
7
23
6
7
2
10
6
340
312
7
336
3
3
3
2
6
5
3
2
2
10
138
3
12
46
2
226
262
6
6
138
2
8
6
16
49
201
2
2
2
8
7
34
10
4
4
6
4
5
20
24
4
4
2
20
10
2
8
20
4
5
4
6
6
54
9
7
232
32
4
26
6
24
2
5
5
3
10
4
5
4
5
20
10
28
4
5
112
3
4
224
2
2
188
4
4
60
250
20
22
6
2
68
220
16
10
172
3
4
434
10
8
8
2
36
3
4
28
6
6
6
28
94
16
6
2
6
356
20
2
2
168
6
2
2
4
2
2
3
160
36
2
2
72
165
6
20
10
188
3
2
2
20
255
263
3
16
8
14
2
184
82
17
60
9
3
2
281
4
15
52
6
176
173
78
32
2
104
5
4
9
17
4
30
2
84
6
7
4
7
131
30
74
2
12
8
20
3
7
5
31
250
18
2
192
74
188
18
4
2
4
6
486
4
76
20
184
134
16
8
2
156
2
6
276
2
2
2
2
5
42
4
2
3
4
64
4
5
2
20
24
217
4
99
2
20
110
20
24
124
320
376
7
276
92
2
158
2
37
18
6
2
5
7
5
5
4
2
2
5
19
12
4
483
304
2
2
2
352
2
2
20
260
20
2
36
9
4
20
2
2
6
6
10
20
180
2
4
3
5
236
6
36
2
94
12
446
15
2
7
2
4
22
126
4
163
171
2
101
6
6
8
77
2
20
8
6
8
7
3
2
10
388
2
56
20
2
4
20
6
40
51
4
9
8
20
4
3
10
4
5
18
2
22
12
4
120
3
5
28
8
20
2
2
20
6
4
8
56
8
2
52
8
2
31
20
5
20
3
20
6
129
4
12
6
2
8
20
154
12
5
2
20
6
4
109
16
3
3
9
2
8
51
20
4
2
20
12
10
2
14
2
290
65
20
2
2
7
20
16
84
3
2
5
184
90
63
75
15
18
42
3
3
2
4
3
36
20
2
326
4
2
24
4
2
145
244
194
12
130
4
6
7
3
10
8
4
2
62
132
18
10
7
12
5
2
2
4
2
73
2
6
8
2
5
2
4
126
96
7
12
20
128
4
15
104
208
20
3
190
12
16
8
2
2
4
2
5
123
114
12
108
4
4
9
2
20
40
214
40
32
3
2
82
9
64
78
20
95
18
6
8
8
28
6
345
7
12
135
5
4
166
2
4
58
2
7
4
2
104
174
146
308
264
2
5
6
22
10
20
308
4
6
2
70
8
2
6
8
8
4
20
4
2
120
21
4
6
2
4
4
15
8
2
434
4
6
2
9
2
20
181
10
20
257
2
9
2
4
42
8
6
20
3
2
4
4
6
4
2
7
4
4
201
5
20
8
2
2
20
14
121
256
114
4
10
8
8
8
2
38
20
9
53
2
268
2
2
2
2
3
2
4
7
38
4
2
2
6
20
4
4
20
32
2
3
12
5
2
2
20
8
4
8
4
4
8
6
4
8
2
3
12
12
4
2
4
20
4
2
22
2
4
2
4
3
8
18
4
2
10
5
60
20
4
9
271
4
2
2
8
2
244
10
16
13
20
36
2
7
23
4
2
222
20
35
8
10
2
5
2
2
4
2
20
2
20
62
172
5
8
2
6
3
404
213
168
4
12
4
48
4
16
76
8
12
14
6
4
2
4
2
35
6
24
112
114
13
6
12
4
2
2
6
2
8
4
9
37
24
4
3
20
16
110
456
28
2
4
4
20
2
378
3
4
2
2
155
6
2
20
16
6
2
8
134
224
364
5
12
230
2
2
104
20
8
3
6
2
4
20
8
2
6
3
148
32
4
237
6
4
2
134
2
8
10
121
56
3
2
4
90
22
2
6
16
18
6
12
5
5
4
18
97
9
6
2
60
2
189
8
2
10
62
7
8
143
20
2
3
176
12
2
3
166
8
59
20
2
4
5
8
2
12
16
192
2
2
99
20
4
4
20
2
5
2
37
2
4
10
20
150
20
3
40
2
20
4
20
8
20
8
69
6
4
20
20
2
20
54
203
10
4
108
2
4
40
4
26
2
159
4
8
36
5
170
4
20
20
2
222
16
20
2
190
4
6
16
20
8
12
10
4
386
20
2
142
139
236
4
32
20
8
2
3
8
4
2
4
117
4
2
32
10
5
16
13
32
2
20
6
2
2
7
3
6
2
4
3
16
10
228
12
4
48
3
92
162
4
4
8
100
20
6
47
22
4
20
5
4
6
365
258
28
6
162
2
74
22
10
3
20
2
28
10
6
198
106
2
20
461
6
191
2
81
12
4
2
3
6
2
70
124
8
236
2
78
4
6
5
122
20
2
60
19
8
14
2
434
4
2
3
2
20
10
16
40
5
4
182
8
2
8
4
2
2
3
2
19
2
14
20
8
8
2
2
4
148
10
2
2
6
3
136
5
2
152
9
6
12
8
4
208
16
11
6
20
6
4
18
5
4
104
20
4
2
20
12
138
2
70
14
190
2
2
16
8
2
5
2
68
2
150
3
6
178
335
16
16
4
9
2
12
2
2
20
5
372
92
147
11
412
4
12
2
4
8
6
2
278
20
373
13
8
3
12
74
6
2
7
66
48
20
22
6
4
232
5
20
8
114
2
102
4
7
4
2
2
30
368
2
3
2
3
4
4
2
16
378
5
5
34
443
8
2
4
2
6
3
20
20
2
139
6
2
8
10
204
2
22
12
6
312
4
4
2
34
4
56
22
20
124
20
20
6
6
394
20
7
252
282
2
3
16
48
9
72
4
218
20
16
282
12
3
52
156
2
2
2
3
20
17
9
28
27
98
7
7
4
142
18
2
14
4
4
2
10
58
20
2
62
122
4
138
4
72
5
2
2
313
216
20
8
2
2
2
202
4
40
2
18
2
2
430
4
44
206
2
20
2
2
4
34
20
4
4
4
17
222
2
16
2
10
5
262
10
2
4
20
2
200
37
2
2
12
308
2
4
6
8
16
41
2
2
88
25
4
2
2
2
14
2
2
4
6
2
4
116
14
2
2
8
2
2
4
4
238
10
12
3
424
4
20
4
180
338
122
80
20
4
2
8
270
2
2
100
16
132
12
2
2
10
8
6
2
2
6
6
453
128
2
7
106
156
5
24
6
5
2
2
468
8
8
36
6
2
408
31
152
2
4
4
68
6
8
2
13
4
20
29
2
4
5
7
20
442
180
4
4
20
6
7
188
2
72
2
20
2
10
289
6
6
8
4
5
34
2
8
28
40
2
76
8
2
4
8
6
2
2
2
20
8
14
2
2
2
4
14
2
2
14
162
6
2
8
2
8
41
52
8
4
2
3
2
2
94
22
20
332
4
30
3
4
4
18
12
2
10
72
8
2
8
8
2
4
4
404
2
104
118
3
5
10
96
4
4
2
12
2
10
28
2
13
20
239
2
4
2
8
2
90
20
2
12
17
324
4
20
4
210
20
2
8
20
184
20
6
4
20
9
2
20
4
2
2
2
209
4
2
20
30
20
2
20
2
2
2
20
4
14
2
3
14
43
12
82
2
31
6
358
44
2
76
214
2
60
2
142
2
4
147
10
2
62
2
28
20
3
4
3
2
2
66
6
3
82
24
2
62
2
4
17
12
10
4
12
120
6
6
37
2
2
2
20
4
2
167
334
2
426
2
8
3
3
2
15
246
4
2
2
10
164
10
20
4
14
151
4
443
202
16
15
6
20
53
19
2
4
220
6
20
3
2
9
48
24
216
92
2
4
2
2
2
3
8
2
246
2
4
4
2
24
2
226
4
2
70
2
2
10
2
50
4
20
20
10
2
4
4
28
4
4
184
256
2
2
2
18
10
4
112
20
3
4
3
20
8
2
8
10
2
8
8
2
39
6
2
5
20
20
5
6
2
260
15
14
90
100
16
8
186
8
8
4
20
4
9
32
149
2
10
2
195
9
2
4
110
2
20
2
2
2
3
20
3
2
4
2
4
2
2
8
26
168
2
34
6
4
12
134
8
76
474
16
2
125
58
12
3
2
15
288
106
4
2
8
126
2
4
356
44
16
52
128
440
10
4
8
66
20
8
12
52
4
4
6
6
196
162
2
24
14
2
172
2
20
50
4
6
2
78
147
16
20
6
10
2
9
176
8
24
20
20
28
128
108
10
20
20
2
4
60
72
2
277
3
12
70
2
9
2
2
328
2
2
204
8
2
3
2
25
51
160
12
2
378
4
2
102
3
36
403
44
56
110
290
4
20
4
2
2
6
8
4
101
438
234
8
12
2
6
9
4
102
8
20
3
2
70
282
2
107
4
23
8
2
2
314
201
2
41
134
4
2
12
2
4
4
2
2
3
8
4
2
18
12
4
3
4
6
8
4
20
4
5
54
453
4
16
2
10
6
2
4
12
20
4
4
8
4
20
2
5
2
2
3
2
44
10
106
216
70
4
4
122
6
5
8
18
10
4
4
4
20
6
12
20
4
2
39
2
30
6
54
76
2
4
20
20
2
62
2
5
46
2
440
136
4
166
10
2
248
4
2
6
4
8
4
394
5
2
2
2
4
8
112
14
32
3
3
219
2
2
3
5
20
144
20
150
2
25
8
8
492
20
8
2
2
35
4
16
146
4
16
2
2
6
28
4
3
14
3
20
2
373
4
2
2
4
12
2
4
9
4
2
4
2
12
6
2
4
29
8
2
5
20
20
4
462
2
8
10
4
20
8
324
12
8
3
410
2
12
24
4
20
6
4
8
8
184
4
48
126
2
458
24
2
2
8
2
20
4
2
6
10
362
254
32
2
3
8
3
249
2
188
66
2
2
2
4
12
12
176
2
36
88
3
196
176
4
6
41
14
8
6
10
2
8
9
444
6
16
4
4
2
47
102
6
2
2
36
2
8
2
3
20
2
2
116
20
20
2
15
2
4
2
2
368
468
2
206
146
3
4
6
2
46
2
2
37
190
4
15
230
4
52
4
226
60
340
2
2
2
2
4
2
4
2
2
26
200
16
150
4
20
3
50
4
214
2
5
9
12
226
20
4
2
4
95
2
2
4
383
2
2
20
2
32
24
6
20
236
2
20
4
2
56
2
6
4
456
2
2
4
9
12
10
4
2
2
4
12
14
144
82
4
30
2
8
2
2
2
56
2
12
4
42
31
20
4
2
6
6
10
492
2
8
9
4
44
2
8
61
2
11
9
2
72
4
2
21
10
237
244
104
8
2
2
2
2
2
6
8
2
36
364
2
2
20
20
4
2
2
34
16
2
2
6
150
21
4
3
10
4
8
320
13
6
4
64
2
2
114
24
18
2
9
20
3
2
6
6
4
12
2
2
2
2
122
432
8
16
10
2
48
2
204
4
4
8
14
14
200
2
2
194
16
24
4
6
16
4
2
7
20
2
5
2
5
330
264
48
16
80
36
8
498
2
258
38
4
346
12
2
14
42
8
10
4
3
20
104
2
304
2
60
160
2
2
4
20
60
2
4
380
72
13
64
220
484
2
8
2
102
30
2
346
2
4
466
70
4
140
2
26
2
88
2
20
20
11
104
6
2
11
2
4
4
2
5
257
6
2
220
204
3
128
2
29
2
2
3
20
180
20
20
4
204
2
20
4
6
32
8
2
150
228
436
166
2
2
2
10
4
19
8
4
2
2
204
46
111
9
34
188
2
2
4
14
20
20
2
20
4
3
3
4
49
2
2
3
26
2
8
2
10
62
35
6
16
2
2
2
8
179
9
2
3
408
23
2
3
2
34
20
20
2
5
2
2
160
24
20
2
2
2
2
4
20
6
12
6
20
4
20
8
112
2
4
3
9
6
13
20
257
20
2
2
20
20
4
4
6
2
28
22
4
4
76
6
34
33
2
6
116
2
2
2
2
20
140
6
2
66
18
6
20
6
10
2
72
2
2
4
11
8
4
2
148
20
20
48
2
112
2
2
132
118
7
10
8
6
16
6
20
80
22
394
4
2
162
45
26
2
4
5
262
15
4
10
110
2
26
4
4
85
4
224
2
10
2
124
98
70
4
2
20
2
2
20
188
10
26
20
20
216
436
2
16
3
20
24
20
6
8
2
4
2
6
106
20
3
6
2
6
14
14
4
2
6
2
110
2
6
337
20
2
398
20
126
2
12
4
20
8
3
32
4
2
190
482
20
2
334
2
4
2
2
20
20
4
2
4
20
2
2
146
2
166
18
4
12
348
4
2
20
8
20
284
2
106
2
4
2
90
17
100
38
6
86
3
3
14
400
376
112
24
9
187
2
3
2
20
93
2
2
106
2
130
12
8
20
4
4
14
22
4
4
8
144
12
3
6
4
68
60
8
4
6
2
2
64
2
10
24
4
362
3
20
2
100
422
4
4
103
9
8
68
30
2
8
6
2
2
2
4
6
5
8
314
2
20
4
2
6
2
2
2
44
12
272
62
16
16
4
2
100
4
20
2
166
20
8
448
2
2
2
3
3
2
4
2
2
2
2
2
2
2
2
8
3
6
16
40
166
20
8
2
2
186
12
4
2
2
124
4
10
42
6
26
22
6
154
44
2
2
232
4
76
74
4
24
4
2
19
4
8
8
218
28
18
24
20
4
2
48
194
2
7
20
4
10
163
6
4
20
60
20
2
2
96
20
2
5
2
431
22
20
2
2
2
236
20
2
277
20
10
6
22
4
4
6
36
2
2
4
20
20
184
12
150
2
2
11
118
6
2
2
2
4
6
2
20
3
174
2
10
20
4
4
4
56
3
12
2
14
2
4
52
420
3
2
2
2
3
2
2
6
20
2
20
44
2
6
32
337
58
4
20
6
2
10
242
3
8
2
2
4
2
20
5
2
196
4
4
8
336
4
4
98
8
2
2
4
2
4
2
20
2
2
2
2
10
2
2
6
2
20
102
6
2
116
112
8
8
2
2
10
55
188
2
3
2
10
8
3
2
2
2
2
10
4
8
6
20
2
20
192
2
2
239
3
4
2
8
2
2
10
20
2
8
6
8
6
48
6
2
20
66
8
3
44
2
54
110
2
2
2
14
4
160
6
122
20
2
2
21
2
252
178
410
2
2
54
2
20
4
33
8
2
417
20
160
2
20
9
6
124
2
16
2
28
8
378
94
4
2
4
4
28
54
20
2
2
234
4
38
50
166
42
2
12
2
138
2
4
102
2
486
136
28
2
17
20
2
2
60
20
4
2
74
2
20
2
4
4
2
2
8
12
2
2
156
52
2
2
371
20
22
17
6
4
192
3
9
4
312
2
10
2
2
2
130
2
2
6
144
20
4
3
20
4
20
2
64
4
2
14
452
20
4
2
2
40
15
232
4
20
2
2
129
468
2
2
20
4
110
4
4
442
354
9
74
10
2
4
2
20
12
2
14
20
312
2
12
10
8
188
10
6
20
4
20
28
10
4
2
12
2
4
412
2
5
2
8
8
4
38
20
20
2
2
4
2
2
100
2
120
260
20
2
20
326
20
2
10
2
8
6
12
20
2
6
16
2
20
206
16
4
170
6
2
4
6
2
40
2
4
10
132
2
2
36
290
32
10
4
12
40
100
480
134
2
2
2
2
3
4
164
20
4
20
16
320
6
2
40
2
2
2
2
7
4
20
8
4
12
485
272
14
92
20
260
4
2
8
112
46
2
2
2
2
2
2
3
8
2
28
3
2
148
2
2
2
6
4
6
416
8
220
8
332
2
6
2
2
4
2
20
4
28
8
20
161
2
414
9
8
110
4
2
2
6
2
2
4
9
270
3
364
4
8
60
2
2
2
2
4
2
10
2
10
8
22
2
20
29
2
2
2
20
20
178
8
3
22
216
28
4
16
6
2
2
9
2
50
2
2
2
2
34
4
20
2
2
4
2
144
116
2
2
6
22
8
2
2
66
436
160
2
4
16
2
6
3
2
2
4
2
32
20
20
20
2
148
8
4
20
4
2
2
146
4
2
14
6
3
2
4
6
4
10
2
6
16
24
64
2
8
2
2
6
88
6
6
2
84
2
4
4
2
146
6
4
2
268
2
2
12
8
4
18
120
20
2
148
2
4
12
72
20
4
2
8
2
10
8
4
258
2
12
2
208
20
2
58
2
170
2
2
2
2
2
20
2
2
2
2
2
20
56
4
12
2
88
12
8
20
20
28
8
92
6
20
2
222
4
2
4
6
494
6
368
2
4
4
14
148
206
20
2
4
90
2
4
2
2
20
8
116
4
4
2
2
24
4
2
132
20
4
4
160
58
220
4
120
2
2
48
8
20
4
2
2
3
128
16
20
2
20
136
2
3
4
4
2
2
3
2
436
2
12
4
2
48
2
136
2
20
116
4
386
394
2
8
66
4
234
2
2
20
2
3
122
2
2
20
6
146
20
2
8
315
6
134
20
16
2
2
4
2
4
20
20
12
38
2
46
12
2
25
20
12
38
92
8
324
2
4
4
2
42
242
2
102
16
12
2
2
384
64
2
2
10
6
2
5
2
4
4
8
4
9
220
12
6
2
4
32
2
8
3
2
12
12
4
8
104
40
2
20
74
2
2
320
18
148
4
282
24
2
460
8
34
66
8
2
36
2
8
10
2
2
20
10
10
2
16
4
20
12
2
110
34
6
214
20
2
4
2
2
2
4
458
4
4
2
6
2
2
8
2
81
2
2
20
4
272
24
2
2
20
4
3
2
2
4
44
152
8
4
250
2
46
6
24
2
32
30
306
20
2
2
20
4
2
2
2
4
96
4
42
6
14
2
6
12
2
4
2
18
14
26
128
2
2
172
96
26
116
2
14
2
8
132
4
20
128
2
8
2
2
4
32
2
20
2
62
3
3
10
2
20
2
6
4
2
104
26
4
4
36
2
2
9
2
6
4
2
20
2
4
2
8
4
24
10
10
50
4
2
2
110
2
28
106
2
362
414
2
2
2
2
62
20
20
130
4
2
2
2
10
10
4
2
152
2
2
2
44
2
6
2
252
2
2
18
242
2
2
2
4
20
2
3
2
20
20
20
32
4
2
4
6
128
6
2
13
2
8
2
2
4
2
156
2
20
4
20
2
20
2
20
20
16
4
144
298
260
24
2
2
8
8
8
20
32
326
20
114
4
20
2
386
8
6
52
8
2
10
4
6
3
4
14
2
2
4
20
20
4
2
20
106
8
2
2
2
20
4
40
4
20
2
2
4
2
2
2
2
160
136
16
2
2
4
2
2
172
2
2
20
320
4
72
2
2
4
4
10
4
14
14
4
128
20
20
48
6
2
4
112
2
152
10
134
2
4
4
6
366
134
2
10
10
2
56
2
2
6
112
78
116
2
110
28
20
132
2
20
2
8
10
2
36
2
78
2
2
2
4
4
21
2
2
4
474
86
8
142
4
84
22
2
12
20
18
4
2
4
2
2
2
2
66
4
2
20
8
12
4
2
4
56
2
20
4
168
20
2
6
2
20
2
10
20
14
2
2
4
194
20
388
2
4
2
44
20
20
2
6
2
2
2
86
218
8
10
140
2
2
8
2
4
106
2
4
118
20
18
480
192
22
2
162
112
52
278
2
32
2
20
58
4
2
2
332
140
2
2
2
20
107
20
2
2
16
30
2
6
2
14
304
2
362
2
6
440
10
10
10
6
152
238
2
4
2
2
2
18
70
2
6
312
424
42
3
4
2
6
8
10
2
126
4
296
42
259
62
2
2
2
162
12
144
20
24
244
42
2
24
62
15
4
2
16
2
24
8
6
21
24
14
220
20
20
2
8
12
36
2
2
4
2
36
2
198
6
2
20
50
2
4
3
4
400
276
20
10
3
2
20
2
184
2
24
2
284
58
2
2
170
20
20
108
20
20
10
114
2
2
2
348
2
2
126
4
8
50
4
2
4
128
2
2
2
2
2
22
6
2
10
2
2
8
48
72
2
2
20
2
20
4
2
12
6
2
26
20
8
4
2
8
4
24
94
14
2
12
2
20
2
2
2
352
4
2
20
4
2
142
2
2
2
8
4
4
14
4
6
160
2
2
20
2
264
4
182
20
2
2
2
10
324
20
232
220
30
272
8
20
2
3
2
10
2
6
8
36
118
2
2
2
12
2
132
2
162
172
56
3
4
2
20
20
2
4
2
276
2
4
6
22
2
4
148
2
8
2
48
26
20
2
4
398
42
2
116
4
8
58
2
4
2
8
52
2
150
150
20
8
48
20
4
6
122
48
2
112
52
23
2
4
2
2
4
4
164
4
2
4
26
2
46
4
4
2
20
2
4
8
2
4
2
20
4
20
4
3
2
2
44
8
2
20
2
2
24
8
2
4
10
4
244
8
76
8
6
20
2
2
8
2
2
174
2
10
2
2
224
8
2
2
20
2
6
2
2
12
8
20
6
20
18
2
4
4
2
6
8
6
2
400
2
44
306
4
118
6
2
4
10
16
2
106
20
4
10
2
20
32
128
20
2
18
374
354
8
2
2
2
2
2
128
24
2
