3
141
8
1
110
31
104
29
-6
271
32
-6
148
88
-5
84
102
78
25
20
47
22
49
45
-3
66
0
45
130
23
22
18
-24
58
55
98
282
90
295
3
254
259
13
15
203
115
-3
56
34
-20
3
18
22
86
60
242
25
248
-20
154
229
6
-8
10
60
183
22
62
211
145
13
13
1
-32
4
76
36
-8
-13
66
221
40
-16
119
60
11
229
102
43
0
0
20
226
84
10
102
13
106
-11
123
145
36
130
1
47
51
224
336
-3
43
22
0
47
22
53
70
106
31
271
-1
-6
70
43
-1
-5
-3
16
-23
8
70
15
6
20
47
161
20
18
157
132
-6
15
295
119
-26
40
125
22
125
-3
0
4
-6
0
27
-20
1
232
6
-1
4
29
66
20
141
23
-6
-5
11
415
442
40
3
-26
36
377
42
22
-11
82
274
1
42
29
36
154
6
64
18
-11
4
-23
8
16
90
-5
3
115
-1
-11
10
80
152
159
40
11
295
4
8
-5
31
64
-16
11
13
68
130
157
11
58
4
96
-24
23
125
152
-10
1
20
113
-29
55
-16
100
-8
0
-15
130
-8
40
36
96
316
40
161
18
25
141
88
152
96
-24
-16
-20
415
218
36
159
29
282
-3
13
104
-23
3
216
38
218
45
25
152
25
82
1
455
-20
49
16
20
188
-21
119
291
3
16
8
13
203
25
18
11
190
20
22
15
78
4
38
-13
31
53
-28
13
-16
251
-10
18
13
-13
23
8
31
47
-15
430
78
11
32
8
49
78
42
-29
353
38
434
51
-6
66
88
8
86
31
88
0
1
36
-15
0
-29
18
49
3
-16
139
0
-43
16
10
3
139
27
-8
29
-42
49
15
3
6
119
169
20
34
20
0
13
42
8
64
-8
-29
20
53
159
-6
-11
25
13
92
31
55
20
1
-11
60
106
-32
463
49
-29
13
3
-32
25
43
224
463
58
-6
-20
4
-23
76
-1
6
-37
27
13
224
106
53
1
-3
18
-5
4
27
-24
20
13
102
-57
38
100
94
15
171
32
3
1
27
256
42
4
-1
68
16
148
-24
82
323
18
285
16
106
27
40
-18
-11
56
-3
92
72
16
0
43
56
-3
6
18
15
157
0
339
-3
20
16
11
20
-8
-24
32
68
3
32
94
76
18
1
-43
32
1
-6
20
-6
94
90
-8
136
20
-5
55
-11
88
20
-5
76
-15
51
13
18
451
47
-3
10
150
34
-20
60
117
-3
22
20
363
1
78
11
164
22
88
51
22
18
-3
34
-16
25
-1
34
31
342
0
27
15
43
15
23
62
4
6
4
20
86
-23
18
-6
18
245
25
64
20
4
29
20
31
72
3
38
43
-23
6
4
22
8
16
49
38
20
96
53
16
-10
-16
25
10
-1
94
-1
159
0
88
18
-5
31
36
166
0
22
-3
18
259
10
6
22
128
25
251
25
25
254
-3
-3
0
22
-5
43
11
134
8
-28
11
72
4
10
27
115
15
10
10
62
98
11
-1
113
78
25
0
349
-18
195
10
60
-21
3
-21
82
-1
15
181
74
0
6
10
92
173
70
363
15
25
4
13
10
29
-13
-26
-20
-13
108
34
8
346
-15
0
1
-5
150
-8
141
8
23
11
23
-3
18
-23
8
-3
-8
11
42
-5
38
0
13
31
27
178
31
190
40
25
-16
80
31
8
-8
128
34
18
60
-20
13
22
-23
20
-8
213
0
29
154
45
226
8
-8
6
31
4
31
53
3
6
15
36
90
27
51
16
-6
16
298
-16
36
94
3
128
13
55
43
27
0
22
-21
34
-5
18
20
3
11
1
16
-39
169
-13
45
18
-5
-20
56
-8
92
42
31
8
-10
-3
8
16
-20
-20
-36
22
20
13
6
381
42
10
-8
18
141
10
86
185
256
8
23
27
32
-13
3
-20
4
96
66
-21
11
198
-6
-6
130
141
0
-16
-13
31
60
18
68
166
-13
16
4
10
-16
92
18
45
8
3
11
-23
-8
0
98
-18
27
-10
-5
90
11
10
13
20
23
56
190
22
143
-31
56
92
346
-20
25
38
198
1
58
22
10
13
58
295
-10
15
13
-15
-23
74
56
-15
8
8
34
0
15
22
11
-5
18
25
-16
13
58
23
11
-3
22
218
-6
0
277
40
13
23
-16
88
23
76
6
84
-11
25
70
0
-15
10
42
45
20
384
-1
23
15
262
-8
3
-28
171
4
208
23
240
32
-29
22
42
22
29
218
-8
125
274
110
23
3
11
15
6
74
-28
16
3
251
25
8
8
70
15
113
-23
-21
136
40
10
23
31
4
32
307
-13
13
94
66
29
-5
-8
3
31
-5
-1
16
-1
25
13
-10
13
60
10
15
15
-3
-20
40
31
4
31
10
4
-6
-1
40
36
0
23
66
58
-15
32
13
8
221
8
-16
38
40
15
4
43
45
-6
11
25
25
8
-8
25
27
3
29
-13
-20
-21
6
0
143
-3
3
164
-1
36
4
-23
53
13
68
11
0
45
29
34
-15
-3
-8
-16
1
370
11
178
31
-3
285
-29
8
-8
8
38
-10
23
29
-11
-5
1
468
-1
36
22
-5
-1
32
8
4
55
-21
11
11
23
31
141
10
-11
18
254
22
154
25
-15
4
3
36
-6
-16
100
1
49
-8
0
8
72
4
268
56
70
336
218
125
20
108
49
190
16
-21
45
53
3
-5
4
45
-20
4
3
4
-6
-10
15
13
31
53
13
25
1
-20
0
-1
3
38
25
3
42
-21
38
-15
58
360
3
42
1
143
11
-5
31
336
-13
117
18
1
339
10
49
27
208
36
-15
8
11
18
23
56
-1
229
104
8
-6
22
36
106
-13
16
25
-24
-15
-6
-29
22
11
64
396
15
0
31
-6
104
25
102
23
221
20
4
31
-11
72
16
32
27
-24
18
23
92
-5
11
27
31
51
1
27
1
49
8
55
15
8
3
232
115
23
1
32
20
31
20
11
-1
15
1
-23
16
22
279
104
-16
232
-15
430
-1
8
-10
84
-1
27
25
49
291
242
-10
3
66
94
18
110
-26
13
-26
-10
388
-15
66
10
117
-26
18
25
-13
8
18
15
47
3
-10
-10
20
148
18
22
-18
0
374
4
11
1
66
10
130
16
6
-5
367
45
-1
11
307
121
27
-8
55
-11
38
211
13
49
20
-3
11
-6
29
80
38
42
-24
6
3
-5
10
23
154
-21
-5
10
16
102
-1
40
25
181
282
-42
15
40
251
198
51
68
1
11
22
-16
360
-1
16
38
36
271
123
102
232
-1
27
13
34
18
20
-3
8
113
15
3
130
-13
-5
-18
38
6
38
-8
29
-6
45
0
6
23
-3
11
-28
8
72
438
38
11
-6
86
132
23
15
60
38
-3
18
326
392
4
-16
-10
193
271
40
-5
10
125
-39
22
20
32
6
-3
36
-11
-15
164
42
18
27
336
128
-11
6
16
10
-1
45
40
82
72
117
229
-10
-21
16
23
42
16
22
-8
18
27
-6
-6
94
29
84
164
6
8
123
-8
64
16
36
43
6
-24
78
25
213
96
31
22
115
27
-15
0
6
82
3
434
329
27
36
-15
20
-16
-1
16
40
4
10
6
-1
49
20
72
84
1
32
55
8
-21
18
34
-16
106
20
-3
29
36
323
-10
100
213
-10
43
11
49
-8
40
27
-6
-16
232
0
6
288
55
42
11
32
25
20
-13
15
6
3
6
11
18
43
213
31
42
-34
13
213
-3
15
22
20
80
31
-3
32
15
31
188
49
-13
1
164
10
23
66
438
108
-5
15
23
-3
34
6
10
190
22
173
29
3
-34
154
226
15
1
0
-11
0
1
16
16
10
190
23
121
15
29
121
-20
40
10
16
42
32
0
15
-3
82
16
23
4
10
-1
1
34
-13
-24
16
34
27
-1
-3
173
16
40
-1
-18
-31
20
-15
32
11
-21
13
56
463
-1
4
-1
-6
94
49
326
224
-10
60
4
6
36
13
-16
6
326
11
-5
136
58
40
-15
-15
29
13
-10
-16
6
-21
-5
18
22
8
98
-26
10
53
-3
-10
-3
86
8
-1
-21
34
29
16
20
10
-15
8
-5
4
11
-5
66
-24
-5
-11
23
13
18
-1
115
4
16
0
80
136
-15
74
-15
38
-28
22
-31
10
128
1
40
-8
34
0
329
-8
3
32
-18
-24
277
18
0
-5
32
-1
-1
-11
-8
0
-29
15
-1
47
38
-6
-31
148
18
-24
4
-1
6
-3
8
13
-15
4
3
-5
55
8
11
36
86
23
80
-3
49
20
-26
213
-5
3
141
0
0
-18
11
3
-15
10
-6
11
-18
-1
136
-26
13
20
113
3
18
34
15
15
-8
-8
43
-6
-3
4
-6
106
407
45
166
232
-6
-13
-15
0
1
193
132
11
485
-3
-6
0
-29
74
20
36
-40
-15
102
15
-11
-24
22
36
20
16
84
1
3
-6
-28
-23
-5
-8
411
53
4
-3
16
0
76
8
-13
150
-8
-8
15
45
78
-13
226
-21
18
42
4
0
66
20
3
80
-6
213
23
34
31
64
-16
-26
15
6
-6
-5
-10
16
22
-11
10
161
15
-29
13
34
36
-3
13
1
27
-39
34
4
102
15
15
104
15
4
-6
25
-3
271
8
29
13
22
22
70
92
13
31
8
-15
15
-24
1
66
31
49
298
-20
15
23
-8
-15
-34
20
32
40
-18
40
11
3
8
268
4
42
4
-10
-6
76
18
23
6
34
-23
11
125
29
20
55
6
20
248
119
123
22
0
198
-15
16
295
18
13
-15
23
166
3
-21
-3
-6
16
25
-5
92
0
145
8
13
15
10
-24
10
-26
185
-3
125
0
-24
16
96
10
-11
82
25
-6
173
-10
70
298
-5
-8
-3
119
169
27
15
11
274
183
171
-36
18
-18
213
-21
-6
159
84
11
43
218
-8
0
16
104
-5
25
-20
90
-11
6
1
-37
-5
11
-11
25
307
15
218
363
-18
3
240
68
-18
159
-13
25
11
-10
130
3
96
6
-5
-20
32
27
-28
47
-6
4
-3
459
-3
20
-31
56
-15
-6
6
-1
29
31
23
18
38
23
-5
53
16
-15
27
-1
-8
1
96
0
193
16
0
-13
185
1
213
25
110
13
-21
23
22
20
-11
25
13
-23
76
-13
31
0
4
3
38
3
60
4
25
256
4
3
13
-26
442
-5
13
74
31
51
-26
485
34
-15
27
29
36
-1
-3
1
130
40
-16
43
0
36
102
-11
8
0
40
16
10
-32
-16
6
4
115
-24
45
10
10
70
10
-28
-18
25
56
-37
4
8
0
-18
-6
143
18
13
-20
-3
-20
-10
-3
82
-6
248
3
279
40
25
-6
11
342
29
4
27
-15
40
13
6
132
1
157
32
1
20
6
3
-10
178
43
-16
-11
56
36
70
15
-13
-18
-8
11
23
34
13
78
-15
-26
-6
84
-13
277
15
-5
148
0
-36
47
130
74
47
8
3
66
4
32
-11
18
-6
23
422
-15
-31
-6
13
316
22
38
277
23
74
20
-8
3
27
66
-11
8
42
6
-31
148
326
463
100
92
-16
8
277
43
42
13
20
123
40
23
-8
-21
40
3
23
38
-10
295
-24
265
472
15
34
-10
10
356
-8
-21
1
-3
336
145
-28
15
430
181
-15
27
-6
86
-1
34
10
13
115
6
72
10
-21
16
42
8
8
22
13
-23
-15
0
166
23
-1
-8
64
10
323
-3
34
-6
15
3
18
-13
10
11
-24
20
13
16
-6
-11
10
34
10
0
6
42
119
36
3
15
4
25
-8
304
259
25
115
8
0
20
-1
34
-6
18
-6
36
10
6
31
-13
6
42
-21
11
38
6
125
15
16
100
55
-5
-5
-18
-11
36
34
34
45
13
-1
18
6
132
-1
40
119
-3
11
1
3
-10
36
-3
-1
82
110
13
-15
-10
6
-6
178
31
98
-10
8
110
-10
1
18
-1
104
152
-3
-23
274
251
-15
6
72
106
4
58
49
49
232
161
-1
56
6
1
8
154
3
20
31
392
-10
88
10
159
16
40
13
-23
11
-18
53
288
-13
23
323
-23
-8
-5
43
11
-8
1
47
-3
90
10
171
-20
-6
-23
22
3
42
16
23
31
31
38
-3
-8
1
0
-23
-8
53
0
-23
-6
0
56
10
51
-24
-8
198
90
-1
42
45
3
15
-11
23
-6
108
3
-16
23
92
42
22
60
176
-10
23
326
-15
4
3
-15
43
16
3
-16
-8
15
34
68
6
10
-11
3
53
11
10
6
94
-11
476
143
-5
6
22
6
31
27
-8
25
-3
-13
166
20
-8
22
18
-1
-6
29
-1
4
3
-8
11
0
-23
-20
-16
8
4
-11
-5
-3
3
15
-5
42
106
476
-11
-1
218
-5
-8
36
16
-5
47
29
-10
0
-23
40
51
123
6
8
-3
18
-23
62
6
183
4
11
88
18
16
13
-15
43
166
10
45
55
16
25
49
-10
27
92
490
31
1
1
32
11
106
240
211
55
-10
13
3
53
-15
70
18
251
-18
381
20
104
36
-3
23
6
4
80
18
132
-10
27
-6
4
-10
1
20
-10
10
6
3
0
1
38
29
66
-5
-23
-13
-29
40
25
326
22
1
8
-3
468
11
-10
3
-3
117
8
-1
-16
-8
106
29
193
10
27
82
10
-1
80
68
-20
0
-6
3
-1
-8
3
11
10
29
16
-3
70
-5
55
6
-28
-18
10
-23
485
-13
56
157
11
13
1
-10
16
-6
-18
70
10
31
10
45
8
251
-13
1
22
-8
94
-21
132
8
36
-28
1
13
0
29
20
8
-5
-26
-5
157
40
0
-5
16
6
-24
36
88
29
16
1
32
10
20
36
4
254
25
-24
10
53
134
31
-11
164
8
20
377
25
262
22
-1
1
-6
25
307
268
10
36
70
-13
36
139
-5
10
11
4
213
56
1
-10
110
-13
36
31
72
4
15
11
367
-3
60
4
18
-5
0
16
25
25
169
31
121
10
25
15
22
-6
154
13
42
8
-39
213
-31
171
22
64
104
-21
92
27
11
193
-5
98
4
40
10
-10
-26
-24
128
119
132
16
6
-20
320
64
259
152
176
-24
20
20
426
-6
143
0
1
-3
82
4
49
29
-24
-26
11
53
56
113
45
-18
16
23
-15
38
-36
74
92
6
1
-10
-6
90
-6
29
-15
13
27
-11
10
10
4
-18
-23
22
29
10
23
23
-18
11
-16
185
36
23
159
11
8
78
-20
-28
-10
6
15
25
4
20
6
242
18
86
-5
0
-5
-5
245
-3
34
-6
16
16
13
141
72
1
34
49
31
47
31
-24
-42
307
0
86
20
-20
1
130
-6
4
64
-18
-24
11
16
313
161
1
4
-6
55
-10
-20
36
145
22
3
1
20
13
6
15
6
-3
4
1
34
-18
-21
8
92
16
10
38
34
43
11
-1
22
-11
11
4
200
0
88
8
10
-1
38
20
108
49
10
38
-6
-28
-20
18
34
237
22
8
64
4
90
459
62
4
161
139
-5
10
25
-5
-21
38
277
6
-45
211
22
34
-3
47
0
6
-6
0
13
16
159
-28
25
-15
38
40
10
76
13
3
320
25
-8
0
-15
11
13
-6
3
13
113
20
3
-8
-34
20
143
11
58
31
40
40
-13
34
11
11
43
-1
108
15
-15
-16
3
-20
-29
-23
29
43
1
10
13
1
213
-20
6
20
123
3
6
25
0
3
1
22
36
72
22
11
-16
10
254
-3
-13
8
68
234
36
18
4
108
11
472
8
38
76
6
27
3
10
-20
66
22
4
3
62
-3
6
-3
90
16
-24
18
25
125
27
10
98
-18
34
468
56
6
-5
1
23
0
34
-24
-10
13
18
-3
-42
27
-6
51
42
3
282
8
-56
23
56
16
159
10
31
-13
49
4
-8
-36
20
-16
3
-21
18
11
8
42
-5
-32
134
1
150
198
11
23
221
13
68
15
6
-24
1
459
4
3
3
70
10
-15
4
342
11
29
-11
22
11
-16
139
34
86
229
25
18
23
13
-26
6
15
64
0
92
-3
6
22
4
3
23
-6
-1
-3
-6
418
-5
100
25
-5
31
0
13
8
11
-10
40
145
-1
-1
-5
20
53
-3
92
-20
3
183
1
51
22
18
134
8
271
16
13
0
88
171
20
-15
13
-18
11
154
8
32
4
-24
-16
-13
8
27
-6
-3
23
18
34
-10
-20
3
-3
27
100
6
157
-13
94
13
185
70
-3
47
82
134
13
159
36
-6
45
3
27
152
-16
6
27
4
125
-8
36
23
-23
1
4
205
-13
25
-37
-6
-3
8
-13
88
20
8
218
0
4
13
22
22
-3
-11
1
13
-18
-10
15
6
15
82
3
84
-21
20
16
-3
-20
-1
23
22
-6
-26
13
8
-36
-1
23
3
3
218
159
-13
11
-15
1
13
211
29
13
282
11
128
-16
32
15
-36
3
25
80
11
438
15
1
-37
-10
171
11
-15
-24
152
4
0
25
6
32
96
56
15
356
-13
-11
40
4
27
-15
25
27
13
0
374
16
6
6
3
6
56
-8
-1
265
42
-6
-21
3
15
-5
4
34
68
-5
94
132
18
-62
10
121
11
32
-10
27
-6
94
8
8
92
-1
23
-18
-10
58
0
25
277
-8
-21
110
-28
10
0
-13
20
66
10
6
47
-6
34
4
23
98
-20
10
384
119
-28
13
-21
32
1
459
42
4
23
22
38
72
-8
-3
307
3
-15
55
-8
25
190
18
-3
-15
25
139
-5
100
70
-15
-3
8
8
43
119
27
392
27
23
92
0
-32
-3
154
13
56
139
42
307
29
128
11
-6
15
38
-10
3
6
0
274
18
-6
-21
25
34
1
13
3
18
18
-45
-5
237
29
-34
106
-26
3
1
0
-1
-1
-6
31
20
10
16
-3
-3
-1
10
-5
80
15
8
43
0
38
134
-29
32
-1
-11
38
-1
-13
-13
11
-13
22
1
-1
1
-28
-16
8
-5
13
80
22
125
4
3
-1
55
18
49
-6
4
-15
-10
55
36
221
259
53
82
15
51
31
10
27
3
72
-23
-13
-3
15
4
23
-11
25
-1
274
-8
11
-20
10
-10
150
150
3
-8
18
51
-3
4
0
32
3
6
64
23
62
16
20
-13
-1
-16
-13
36
6
32
10
-16
-15
13
34
8
18
25
-6
-21
15
16
-3
259
68
10
51
22
18
11
10
-11
0
20
27
277
-5
-5
13
104
20
34
23
-16
-3
102
45
58
20
32
-13
-16
4
16
-20
92
36
92
20
38
23
31
4
1
-6
307
-3
134
-20
-8
-16
-3
232
-21
55
8
13
66
-5
29
-6
40
86
20
31
3
-3
1
-3
195
4
20
27
-29
-10
1
-31
-26
20
13
74
4
18
141
-20
1
53
29
29
-31
3
4
15
-37
-5
-21
27
271
-5
-24
13
-6
32
-3
-11
-8
148
-21
84
-10
1
32
-3
-20
1
15
40
-3
29
64
208
119
64
4
18
-23
8
193
-24
115
32
240
-23
134
0
23
-15
27
43
20
20
476
11
29
60
1
1
-26
18
22
94
6
-5
45
-1
23
4
86
0
-13
-13
-1
-3
3
-16
20
-13
-29
47
-21
-26
18
6
6
4
18
-1
329
224
10
251
-1
-11
13
25
13
-11
-6
-5
15
23
121
15
10
13
15
171
205
11
8
90
-8
-23
-31
10
18
125
6
-5
-13
3
20
6
-13
31
-16
8
-16
3
34
32
4
-28
-15
6
-23
4
10
4
-29
45
0
25
29
62
20
10
152
58
0
-6
6
1
0
10
-16
-1
13
3
-40
-18
-15
10
1
-15
0
-18
74
-5
-15
205
11
-20
148
-11
20
38
200
23
0
-20
13
34
193
-16
-5
110
15
8
396
-6
-10
3
-11
42
22
45
31
4
29
-5
-18
68
31
0
-8
11
288
42
27
16
78
-1
4
-23
-5
-5
-15
16
78
42
10
-15
58
125
-13
-16
1
141
16
-31
8
-15
169
218
8
-20
10
13
20
130
36
64
58
3
11
-8
229
20
10
62
-13
132
148
51
-18
-20
32
-15
-23
-11
36
-3
43
-3
42
4
20
29
-5
76
23
0
16
-6
38
0
4
-3
-3
31
171
11
6
154
34
110
31
34
-31
18
8
442
13
42
23
113
92
11
15
8
92
23
18
203
-6
-6
15
3
-26
32
20
34
23
-13
25
10
42
-8
-1
6
150
18
66
-28
10
82
3
-3
84
200
304
4
176
90
-16
92
-1
20
47
16
-13
-6
1
16
20
56
15
15
-15
18
-20
-5
422
251
-31
0
20
277
-5
22
6
190
-8
29
38
18
3
4
-20
6
-10
11
-15
25
130
20
4
29
18
173
1
34
4
72
-10
377
16
1
-8
-11
-6
4
80
10
80
104
-8
84
-15
-6
10
38
11
22
36
-21
1
16
-18
10
23
339
23
55
29
11
22
-10
8
27
10
3
-24
-5
22
18
15
4
11
51
36
-11
16
16
27
45
16
-16
-8
56
13
-1
13
6
0
-3
3
55
-23
6
23
-3
-31
36
-34
-10
-13
27
1
11
117
0
-23
-29
-1
36
15
115
55
8
-13
36
-23
6
58
4
-31
29
53
-24
-6
23
-8
0
10
40
-28
18
-10
13
-13
203
60
16
13
-3
-5
31
8
40
36
-8
-51
125
62
32
70
-1
18
32
16
16
11
-3
-3
22
32
13
205
-23
4
1
25
-13
136
195
139
47
102
0
4
4
-15
0
-20
34
1
43
117
15
-16
16
-6
29
1
-11
1
38
36
4
-26
3
20
-13
10
4
84
47
-16
40
31
68
34
47
104
117
-15
1
125
-13
36
18
10
-6
-11
-24
-11
22
40
11
125
-8
-6
6
51
8
1
159
15
18
1
-28
49
-23
25
38
-8
72
-1
-8
42
10
-1
-1
229
8
3
78
-16
10
113
8
8
18
13
-11
-31
-5
55
121
98
226
181
-6
36
-8
18
-3
-26
211
-10
36
4
53
10
-11
11
-3
3
-13
1
-15
55
86
8
-18
-5
8
-8
-10
-6
-13
-5
403
36
20
6
1
-24
-6
139
23
15
218
-10
-1
23
6
18
-21
-13
25
-15
10
18
15
8
1
-39
15
-16
-11
185
-6
31
-10
-21
25
20
11
121
164
64
31
13
36
20
8
-5
-6
22
1
34
-23
181
-1
-20
15
-13
-1
-15
-16
27
8
8
-6
29
10
-10
15
-11
-18
36
18
22
16
-6
15
-15
1
22
23
-6
22
15
-16
-29
18
1
-5
-1
-37
0
16
-24
18
-6
0
-1
-11
43
-23
10
-15
25
-15
-6
-3
-8
11
-26
55
-43
-11
8
203
15
-5
-1
-16
0
157
-1
-31
-3
6
4
-16
45
-1
40
-39
178
3
-5
36
8
8
6
10
25
-10
23
66
4
25
42
152
13
-13
-23
-16
-8
336
181
125
-1
43
-1
23
6
45
84
3
-1
1
4
-3
3
-23
-15
23
15
22
45
22
20
-15
13
40
-10
-8
25
-36
6
-18
6
23
27
34
-15
-13
-1
62
418
11
-11
-6
0
49
18
310
-45
10
11
15
110
-23
-3
32
23
-15
49
-16
82
148
282
-31
18
176
-16
-28
64
6
10
-13
-5
-10
38
8
18
15
-8
6
80
-1
60
164
-11
-3
-3
92
38
11
23
60
49
6
-13
-16
62
-6
-15
-5
-3
13
22
23
-10
8
11
3
47
-6
18
10
29
13
157
-11
-18
-21
56
13
-18
78
43
-26
-13
145
0
31
-11
125
-1
76
-16
1
10
0
11
-29
-11
8
117
31
-13
88
8
-5
8
-20
10
-23
-23
42
38
-3
4
15
110
10
-21
22
-15
-16
-6
-8
-23
15
-1
25
31
8
55
47
-1
-3
38
143
8
15
108
10
3
13
-20
0
-29
70
20
15
60
8
106
29
18
31
3
121
10
-6
18
150
16
1
-1
3
16
0
-43
20
307
31
-16
115
100
134
-15
31
15
-8
6
-53
8
-13
-15
6
92
38
-8
3
15
25
0
8
27
-13
47
-18
25
-3
20
-1
15
-15
-1
-3
29
-1
164
6
-1
40
15
78
145
23
-26
31
96
47
-5
53
22
0
11
29
3
3
268
183
23
27
94
-5
47
25
15
-15
8
15
16
-6
-20
164
90
13
38
392
-21
152
15
76
0
-13
-15
-8
4
-1
49
55
-11
143
0
55
-3
-8
1
55
32
27
29
6
8
-10
-13
370
-5
-20
10
-5
6
-1
6
29
-11
-26
143
23
-15
10
-34
18
3
0
-21
4
4
-16
8
11
4
-16
10
-11
92
8
-29
-23
4
32
82
15
6
100
1
-18
0
23
8
145
22
20
16
-1
-10
-1
15
0
32
45
13
-3
11
45
45
141
11
74
4
148
-10
58
34
45
18
3
42
47
-24
113
-18
-15
108
277
42
29
51
1
6
18
-10
-16
-1
-18
298
74
96
1
349
-24
11
15
-45
11
8
10
173
13
304
-8
-5
22
43
58
25
34
4
62
31
-5
16
8
16
164
-3
-3
-1
58
22
123
-13
23
-3
-23
-5
18
356
23
-16
22
13
13
-6
-3
-1
356
4
1
42
367
10
11
23
-16
-11
11
62
8
42
53
42
20
-10
10
121
-20
18
1
15
234
-21
11
8
36
13
53
36
-1
86
16
0
16
-13
381
10
1
193
221
6
-16
32
23
-24
15
1
141
-6
25
205
1
-3
23
134
4
-20
-16
13
11
31
6
-5
16
31
29
20
4
43
-1
62
-11
13
0
15
-32
34
22
-26
47
92
-43
76
23
13
-8
13
1
277
173
15
-26
-31
51
-24
152
6
36
-18
20
36
-8
426
-1
32
173
1
16
13
20
16
13
15
11
-21
8
-5
141
-6
10
-11
-8
-26
178
-6
-3
1
42
0
139
27
-5
1
16
229
-3
-16
-5
-10
25
29
16
-42
20
23
23
-23
16
-8
10
10
10
25
4
-13
-13
80
-1
4
-11
-15
-15
23
0
-24
178
38
10
10
399
-16
16
-1
136
265
98
80
18
3
-3
23
211
31
18
78
-3
92
27
-8
20
1
-6
15
1
-24
8
6
418
121
-6
58
72
108
10
15
-6
22
-8
8
430
-1
8
-1
32
-23
377
-11
119
-8
11
31
25
0
-8
-5
8
-18
-5
16
32
31
-16
13
11
407
108
-5
20
-15
15
13
143
-10
66
8
25
10
-29
203
-1
-8
11
-11
6
40
27
36
25
20
-1
51
6
27
-10
22
13
16
-5
31
36
13
23
-6
3
0
-20
0
3
8
-16
121
23
20
-3
3
36
18
64
58
-28
-24
-10
15
20
68
22
36
242
18
22
3
25
-6
-5
3
-6
-6
58
-6
-32
15
15
18
16
1
353
-34
102
86
-23
-10
32
86
4
-8
15
23
-48
-20
27
31
16
3
143
10
-15
31
18
15
36
8
-26
3
25
245
10
43
1
159
13
-10
-3
18
134
-18
-1
-28
31
15
31
-15
-1
-23
-21
27
148
-15
27
25
20
40
16
1
-54
-16
-23
16
-16
0
-26
10
8
32
4
38
-6
49
-3
301
34
-15
16
152
0
27
-8
117
0
13
78
3
6
3
13
55
15
0
-28
-6
-1
-11
31
-8
18
64
-8
-13
53
-28
25
32
42
4
11
0
70
-6
6
10
18
0
8
11
-8
15
78
254
-26
333
-18
-1
13
-8
3
-20
159
-16
-18
-20
11
100
-11
1
-13
1
98
0
396
152
11
20
29
10
16
20
8
-26
173
15
20
18
-3
0
42
4
148
80
-8
3
-26
8
29
-10
4
13
224
-5
-6
18
31
16
27
150
6
-37
32
-5
0
27
18
32
1
3
3
18
4
18
23
29
-6
-8
125
229
0
4
20
4
-3
11
58
-1
0
0
42
55
10
16
0
-6
-46
6
-15
-5
1
15
-8
16
10
-3
13
-15
13
171
31
22
88
60
4
-20
130
3
3
-6
22
-5
-10
4
102
-29
-3
-10
134
15
-6
-10
43
-5
13
4
4
-10
3
49
-16
27
18
1
11
-43
-3
-6
15
134
3
-13
23
-1
13
45
-1
43
434
3
-11
119
18
1
-10
1
15
245
64
-13
-11
1
74
0
-15
310
23
-6
25
58
388
27
20
23
40
27
49
36
38
-26
13
43
-16
132
94
-3
36
36
-15
88
8
-5
56
0
6
1
34
92
4
4
16
-13
1
6
110
-8
38
23
6
-3
117
76
11
11
8
-11
-10
49
29
78
237
27
10
38
0
6
-11
11
274
25
-10
134
4
10
16
-18
22
23
130
51
0
295
3
11
40
-16
66
381
23
56
43
224
-20
16
-11
6
-15
-3
-3
-13
70
342
119
0
10
16
-13
11
-1
86
11
-23
-1
-39
80
224
18
80
0
20
29
-26
27
285
139
10
34
100
8
1
-3
-1
-10
3
-37
-5
-6
15
-8
-10
32
0
-5
-3
8
-15
15
1
20
6
-1
36
399
23
31
31
-1
-13
4
-5
11
29
-21
13
-6
32
-23
20
-1
8
25
-8
0
53
11
74
152
36
-1
36
72
6
-8
45
29
-18
36
34
18
32
45
-28
4
18
-16
49
27
34
18
13
49
23
15
1
23
16
43
-3
32
74
18
370
104
25
108
-11
-3
200
-5
32
4
25
3
36
336
8
-26
45
16
-20
55
43
6
-3
4
0
166
6
8
25
18
20
72
20
136
0
18
11
13
442
45
-3
0
6
34
-20
3
90
4
-13
-8
8
-20
55
29
8
-8
-11
27
1
291
27
-20
6
22
6
6
8
42
-20
-11
0
15
29
36
3
15
29
31
1
-21
18
-23
-1
399
0
16
16
23
31
8
248
3
20
8
349
13
15
6
11
22
-1
-8
-16
-11
134
-13
20
76
36
430
22
-15
-1
10
-3
-16
-15
3
18
23
304
208
13
0
20
32
-1
188
-43
157
53
1
0
-21
3
18
-5
110
-5
43
66
42
132
96
-10
15
-21
15
8
25
27
18
-45
4
411
-8
20
-15
0
-5
45
66
-1
49
36
38
56
-5
-10
-6
8
-20
-6
60
11
25
-13
-18
29
-23
11
13
268
438
31
123
113
-36
20
16
-11
34
-18
13
16
166
-20
-3
166
15
38
13
139
29
251
-18
-3
10
-10
51
13
29
18
-13
13
98
16
98
4
34
-24
38
-1
157
-8
-29
-15
18
161
0
-6
-24
-16
60
1
-5
23
304
-21
-31
3
-26
47
20
-1
36
148
-13
15
-23
8
72
4
-5
-32
434
-6
25
-16
32
32
-5
13
-13
4
16
-3
1
86
56
36
15
0
-11
0
-13
49
31
29
18
-5
27
4
3
13
-6
-28
16
31
455
11
43
-11
4
36
-28
11
66
-10
36
47
6
40
22
-39
34
-23
148
183
8
-10
3
22
22
-13
-18
13
0
-32
53
282
-20
-11
1
10
34
6
4
80
32
-11
-15
8
74
18
3
-18
-1
3
13
262
16
-28
-16
64
25
11
78
29
29
-18
-3
43
-1
11
1
13
32
-15
-18
-5
23
-24
29
415
29
36
-29
8
20
-13
154
10
-20
-11
8
29
136
-20
6
143
11
22
-10
-5
8
8
15
-32
13
10
13
29
-5
259
213
25
34
51
68
-10
455
20
211
3
31
256
6
-15
25
20
-6
20
-23
-5
32
113
10
265
-20
6
115
16
6
-5
-1
55
36
0
285
6
-3
60
148
485
-11
6
29
47
8
27
285
-10
15
418
80
4
90
29
-3
16
56
1
-16
11
45
60
23
22
38
31
-8
-5
-1
-26
224
11
3
185
148
3
94
-5
-20
29
36
13
15
143
25
18
3
121
-23
20
10
-32
23
25
-18
110
176
377
143
-16
1
-11
27
10
29
-24
4
-1
22
143
6
98
0
22
136
-10
-6
-18
4
4
10
-36
-13
-6
-1
34
27
56
-46
-6
10
22
13
-21
20
4
22
25
8
6
-18
-11
-21
-5
136
25
15
4
381
18
20
8
-32
49
3
8
-29
8
10
1
154
20
6
-3
-10
0
53
20
3
32
-8
-8
0
23
-15
23
51
3
1
1
-6
-3
8
10
190
-26
-11
4
22
20
-6
-11
29
-32
43
8
-13
1
43
22
-3
-1
0
15
110
18
11
-24
1
34
56
22
-1
42
16
-8
-10
-8
8
0
43
34
10
6
22
8
-11
-1
113
15
16
47
23
92
0
-10
72
117
32
6
6
22
11
-3
16
13
27
333
-31
22
104
45
6
-1
11
32
237
18
49
31
62
-15
34
10
-8
32
10
203
10
38
3
106
43
29
-6
16
16
8
-8
4
136
6
18
22
-20
123
422
-6
0
-3
11
11
13
8
18
-11
15
-3
-36
88
-10
4
18
38
-15
47
20
-3
8
-3
8
32
16
29
304
0
22
415
6
110
29
6
3
-13
16
13
45
-20
-37
125
455
20
-8
254
13
-36
23
-3
3
29
4
3
10
55
-18
-15
92
-23
121
22
25
-6
316
13
10
-8
25
3
224
-45
62
-1
3
4
36
29
82
31
45
42
47
-5
20
342
304
36
29
25
136
-31
15
32
15
58
-11
42
86
22
74
3
10
10
8
1
43
-11
-5
42
-3
82
10
1
20
-5
42
84
10
6
4
-15
-16
78
-10
22
23
-32
304
11
29
-8
80
399
6
3
40
1
-1
58
16
0
23
-45
13
-34
13
31
20
8
4
254
10
1
-3
23
-13
18
8
-24
18
-20
211
70
6
11
4
27
68
-32
20
13
110
-8
29
399
29
15
-1
36
-13
-5
11
-3
43
-6
-1
-18
20
-13
27
16
31
4
-11
36
117
55
29
-28
3
136
27
-1
-8
-23
136
1
11
45
-6
-13
15
27
130
22
20
-15
171
-18
62
76
-21
16
23
11
47
-26
18
31
157
11
-11
-16
-24
15
8
31
141
84
8
8
45
-1
134
36
10
-5
53
0
-8
8
72
42
11
55
8
367
-23
3
-31
-8
-11
171
-8
-10
166
38
1
0
11
-31
10
1
1
27
15
10
4
-8
110
18
121
-6
-23
29
82
16
3
29
11
-15
31
-6
8
-3
121
-5
-11
47
-21
-6
4
40
11
20
-23
-5
-6
-6
-3
392
15
0
3
20
-21
-6
-16
22
25
-26
15
60
11
-5
56
251
32
-3
31
18
16
15
193
-3
-10
-5
27
-6
-10
10
6
1
150
-1
-13
-6
234
0
40
94
8
-13
-32
32
18
-15
-21
53
4
-29
-16
31
31
-24
4
-13
-8
15
60
1
3
62
92
15
18
1
-28
-3
36
130
-31
10
-10
27
-6
23
8
20
15
-15
0
3
6
-20
-31
-15
18
152
-5
-6
178
-10
23
36
8
-1
-31
-6
-5
4
-1
-5
4
-31
25
23
16
53
42
-10
27
56
25
31
60
20
-8
38
1
-8
92
-6
100
-8
4
-3
22
-3
181
121
430
-13
-15
45
3
0
3
43
22
-3
329
16
108
8
20
-3
-23
88
10
27
15
18
-15
307
78
0
1
11
34
4
36
13
3
3
183
23
4
20
119
22
6
45
4
51
-15
15
51
16
442
56
20
6
40
-10
-3
-8
36
-5
3
0
38
6
20
15
-28
4
0
-11
20
-3
4
1
102
20
13
0
291
18
6
49
18
18
154
-13
0
0
291
22
20
-26
-24
-5
58
-5
-16
-5
130
0
1
16
23
25
16
-6
38
-3
42
3
442
15
4
-11
-15
45
22
198
10
22
4
36
88
476
-13
-6
49
4
66
13
22
426
279
8
27
15
15
-1
34
31
10
22
32
20
245
-8
-8
-10
6
139
-18
40
34
23
27
13
-10
23
-5
70
11
3
367
25
-16
-11
10
-18
-18
20
23
16
-23
4
1
6
-6
74
27
72
221
0
-1
32
274
-1
-1
-10
22
16
20
20
1
22
-40
6
10
10
166
20
0
157
6
18
25
-53
-16
13
8
6
-37
94
25
-5
29
218
18
-16
8
25
-8
56
447
110
-37
-8
16
1
-6
23
86
23
-16
23
-6
232
-24
-10
27
-28
-5
20
-1
29
-24
3
22
20
11
476
183
18
11
18
193
4
0
-13
72
23
-8
1
15
16
-8
-23
-11
29
0
3
-21
47
96
-1
-13
4
29
-24
22
418
8
164
20
304
8
-10
-5
-10
-13
-23
15
1
-8
-1
51
94
29
342
20
-29
23
0
-1
23
-10
-5
4
20
8
203
10
320
3
16
31
6
-15
6
6
-10
27
8
10
-21
10
-1
0
32
29
0
43
8
10
-13
143
-16
-10
18
132
25
6
-18
11
-8
-6
1
13
32
-3
13
16
11
42
15
6
27
31
-24
-6
100
62
-15
8
0
23
-6
-15
25
60
418
100
29
-11
27
3
3
25
-8
25
18
3
11
16
-6
-5
-29
84
11
-15
-1
-11
-6
3
119
27
1
-11
22
8
-13
13
1
0
13
-6
23
3
20
32
-16
25
-13
13
31
25
3
20
-3
64
20
-24
-26
-13
102
4
8
-5
234
-13
-28
-18
20
-10
-1
55
-3
-16
139
10
-37
3
27
-11
-13
60
-10
16
-18
8
16
181
-10
-8
0
178
23
11
34
23
104
1
6
22
8
-11
23
-20
-8
20
4
13
-13
34
-11
-3
-42
58
-21
32
11
6
10
20
36
-6
-8
-39
195
6
15
4
22
463
8
295
3
-18
23
10
90
108
3
15
-31
18
6
10
4
-1
27
-18
68
18
-1
13
-13
0
6
6
76
10
-20
-1
117
43
216
-15
74
-29
-13
53
11
13
-3
18
-3
0
62
0
8
-11
6
139
20
-29
11
-15
0
18
-8
6
392
20
-42
-1
-24
55
-1
72
-21
40
82
-29
291
326
10
-15
27
-5
198
6
-28
-1
29
32
90
-32
-3
29
27
66
-6
16
10
277
1
80
11
-8
-8
-29
-21
-10
20
36
43
25
20
18
-5
1
-11
20
16
-23
6
38
-13
256
-11
15
15
-24
40
161
13
74
3
40
31
29
310
43
-8
0
-5
43
25
8
1
-8
31
15
-18
31
166
-5
25
10
6
22
23
29
-42
-8
23
47
11
38
76
40
-16
32
31
-5
-1
268
18
72
-15
226
1
0
396
-21
3
47
4
-15
-8
-1
31
-1
-13
23
23
34
3
10
4
-23
-24
-11
11
60
23
49
136
-15
3
-13
-1
-20
8
22
451
-16
3
-21
6
20
18
11
-29
51
1
27
13
-36
198
16
-10
18
31
3
38
-36
22
-5
-39
88
43
-20
169
8
22
-5
1
0
16
6
213
-5
-24
6
18
27
-45
4
-15
11
90
8
36
36
10
15
-10
6
11
16
-26
29
-13
23
80
-8
4
102
60
-1
68
10
-6
25
-37
66
31
-15
90
15
23
4
11
-10
25
27
25
58
45
-11
15
16
0
43
-24
-28
11
13
53
-8
-21
-23
0
10
-8
-3
-42
-16
-6
10
1
40
23
-29
43
-24
43
18
8
32
-1
-6
22
104
-10
42
70
-37
285
374
-29
-13
31
3
34
16
13
53
0
20
-37
-32
11
16
-6
0
154
6
-11
6
55
-15
-3
-10
200
-40
-28
8
193
8
-11
8
8
15
-1
49
4
-50
-13
15
66
42
-11
-1
-1
66
38
-18
-6
-1
10
76
6
11
-15
98
25
25
-21
11
-29
23
-1
-5
34
10
13
76
242
169
22
-5
-15
3
36
-11
11
42
248
23
58
31
22
4
329
13
18
40
25
-1
25
43
13
16
-20
10
11
11
16
-10
20
8
-1
15
51
16
8
6
-20
-10
-13
60
10
-13
3
11
16
36
11
1
-3
94
86
36
18
10
10
0
20
108
8
-10
-20
256
25
43
-6
-3
-1
3
-10
-11
27
40
20
139
10
29
16
11
3
-18
68
-15
113
-10
55
-20
4
3
-1
301
94
0
-13
-10
16
23
0
-1
-13
72
32
80
27
88
6
29
82
1
25
-5
11
0
6
27
-10
53
-11
53
23
-1
-13
25
16
13
-13
490
62
1
94
1
72
22
-1
-5
32
42
-11
-5
15
-5
6
-3
4
4
-13
-28
15
8
-8
-28
-10
-18
70
4
40
20
125
-11
-1
6
11
18
20
32
36
15
11
-32
31
148
20
316
16
-21
0
47
40
13
16
25
6
15
-28
31
152
-16
42
130
-37
55
3
-21
76
104
11
-1
72
53
4
481
121
8
56
96
106
60
232
-15
1
-5
6
27
22
-18
-8
256
96
22
-1
4
-3
62
22
3
-8
-24
47
-6
20
-13
36
226
15
301
-11
-8
370
3
8
25
-34
159
208
6
-15
47
-3
18
16
60
-20
15
232
349
49
27
-8
-18
15
-24
15
11
82
11
240
22
185
47
27
8
11
86
-24
92
20
8
193
40
4
-21
32
11
13
-5
-8
0
-23
-1
-18
13
1
-11
185
-3
32
-13
1
27
34
22
-13
-5
-5
-6
8
90
6
-20
-13
43
20
-10
-40
-11
333
211
36
-26
43
-8
11
-36
148
20
34
-5
198
66
-16
15
86
25
10
66
-16
13
6
74
49
3
-28
245
-21
10
90
-1
-8
31
-43
-43
-6
96
15
16
6
-18
-10
10
25
-45
-15
-13
32
23
25
49
16
-8
20
-18
15
20
6
13
-5
-16
1
-8
-1
-1
-8
-5
1
-18
62
-1
11
4
-15
43
16
1
32
304
20
32
-8
3
-3
113
-16
32
-18
-16
3
8
18
13
29
117
23
6
13
0
188
51
108
-6
-10
6
36
4
211
15
143
141
13
195
31
23
15
13
3
-5
-8
3
-15
15
92
-15
4
20
18
-10
84
-42
84
161
70
8
10
27
25
3
0
3
-15
262
8
-1
10
31
3
-1
104
23
15
-16
29
27
20
-8
-3
307
-6
-11
76
-1
36
16
-13
6
-6
-6
62
16
106
110
29
-20
51
32
-20
11
80
45
-3
49
27
11
-11
-40
6
3
8
-3
123
31
22
11
32
10
32
-10
-40
-3
10
16
15
29
-21
3
-10
-5
-10
40
-36
13
10
13
29
0
-8
6
23
32
10
6
27
1
-3
23
169
20
43
40
6
20
-8
22
6
-13
-5
106
-21
16
-3
38
152
-5
-16
6
-15
-10
-54
0
18
8
-3
31
16
-8
16
47
8
25
1
27
43
10
-10
320
-6
27
237
-1
72
23
36
-23
-20
40
3
74
3
20
-10
16
-16
15
104
16
-13
10
353
349
31
18
-28
-5
-6
32
70
-5
-5
