number of entries filled in cuckoo :933
1376087639
1513174014
1312877133
363654828
2063983403
1848919827
694215865
1032989249
340096863
2017051678
1674638101
1242436540
675567051
39154795
2050012761
120074569
406658306
1308345259
104972648
1819161420
1290524374
2079675818
748671456
326686213
647653478
366528174
1296144124
1442769581
1747926115
1443359391
1114846297
459169248
997260114
0
575558965
1280208101
131730179
1167339651
1294238392
1058323856
1650068626
394642771
1307019773
0
766863635
0
1798852889
1625315809
1241111279
683987334
2126545205
385870097
1099949426
676659423
15302113
1323872304
1811935007
0
1827761956
1880609745
762364995
1616186882
1350726064
1195019829
0
815187870
472757757
1045527668
200919035
1352889322
1748540977
2078864069
1915966487
1329681915
32527173
1324266428
1865534018
866070274
265125504
867739697
1580377706
36506574
1348503936
2019278348
847155666
194743227
476361553
1939775072
963127602
219393374
0
795517257
697664947
1198460442
164106873
1811865184
0
0
435143780
1992613860
496182190
670525751
418558569
0
642535850
1008270379
2078540925
1671370836
0
371181251
283102948
1468407304
1592748262
1075051086
2050561572
2141411057
485611502
1165458346
1554989897
1798466704
848993918
0
883988684
1160647956
277671611
1420489795
1304696352
1064072737
1886016655
2044939366
67009824
1590192241
1164383854
1943842023
1127691529
892732469
1686273159
1276080155
1664462080
1659003661
46134747
284981951
1454152761
1200550909
1066959815
1804610990
0
1151930465
1690534446
926032459
787506620
1733227865
1542528238
1232674075
1810735157
665097657
1411666750
2126496559
2025373105
0
1452621727
1900522551
729254733
1669673501
752014915
0
1651234636
513827256
1909929087
1714812662
321296037
0
55951803
1197869563
717606033
464427301
1656221662
421997294
1776779589
869920292
151926218
757773826
406637572
849014088
1174507174
488139195
1940945348
599061033
839595643
2146012871
482898016
569999944
906955439
513094574
1650773392
959913460
809705694
1552001799
475778081
556736672
0
1613031879
0
2015407324
1097630110
1981830407
461389824
853768409
498297719
1566996119
1762741941
2126508924
2092578755
1872238823
1271871585
2098478352
128176535
370333967
1931482020
336498393
1430249627
919028218
984957857
1468520304
1750368214
1572787094
282510589
449158705
198572350
1611048039
137384104
1023117969
440145038
1790954854
0
1448603388
1185815150
0
1400356929
131585125
1184867270
2020445718
1069543860
0
998835798
1920119747
816347396
1608510504
1606953982
0
0
1209921281
1577225227
2126787619
1578980496
853319952
1939258159
2021512127
1408537605
1678000412
1936935414
1942672955
1882159161
469545109
1952150266
773392431
272841973
1911703077
525954186
1492504466
81836889
1626817149
0
2124164855
559347372
353078441
2035111195
53615863
1824975273
1258500281
1410940106
1961627086
303831704
1142079705
1966571994
1358214599
1873746444
1909044264
671148762
853636414
1123162356
974131477
354764938
2107613922
241404220
1378331773
1612951903
1952252151
1457009260
191025785
1298923934
959561771
1487196672
601894897
1261462695
2095738763
1242819445
3927556
1951062531
2056137610
100477128
987222925
283675322
1156040975
1093369720
843513681
1545765950
1395149146
1669978617
993015441
136592575
1788423059
148440472
1359183921
1512001131
1741812975
247294356
0
510251687
191984063
1863543933
401548668
0
1488662795
100722956
2029371009
1237946887
2036669499
172223936
362094476
1432807486
1581871466
0
2145936080
1220451031
1299205179
2091996196
1472594009
338863675
1291252722
1530771356
165853301
801614671
770976542
495675392
0
473697875
1139571039
822707640
326435520
1068148086
0
1636123061
147211293
1257251219
583744082
10679896
1907039065
502331622
416647267
1376960504
2001506804
439621466
1067348511
2083330497
12519269
357555863
1168738779
1227090792
1735589452
0
1181514530
1291598545
1384623712
1426842191
0
2093027677
1664552625
2050889051
223183106
455505000
303117445
2025499287
170744014
0
1518906700
602916374
915585882
301535257
1162443632
1531655567
831139518
1086763008
723779289
0
1384669587
1425062489
422500421
623171450
406794023
0
1343433076
179965182
1161329682
1290652065
492211989
1729428999
1076694
2105651189
1475983812
263138859
1190801555
1257138880
506755088
1799394482
193471803
1584732436
282148764
1134293267
20620303
1741331065
593629280
918804526
1609992363
1689482917
1521282989
0
1265513626
775087473
390913448
1087134087
180038326
315400413
2117441180
1371602582
1579894434
483311041
1704745397
431191042
2101320415
638676909
1868186029
405948422
1738390290
1799415612
1554237752
513099159
928888222
0
257067292
2039397571
541189402
0
713860261
1400696534
519021398
505148812
395886956
2138157794
366540234
1390807284
1067890413
1882500758
497679894
947619485
1212066988
91072294
584641850
1233492852
662255821
1605876866
0
2030826501
883828924
534572818
628707799
227421281
653691801
1240107930
757949742
392264144
1401740620
1967911362
785104371
1966910364
317611553
205193695
2027016819
1562083456
2127356001
554667678
847740202
692913368
1574805425
1685673626
1847237182
1411463136
1348273205
42230786
302492370
857959068
1864039737
1242096671
1425094382
1693509740
1281675580
2126402198
1639244819
167634473
1907764293
448155770
1704109782
719825512
256236289
155784830
2040344187
650513172
2119554489
308630622
733594055
1847093288
475203708
2125213771
1126599503
1652075833
468755617
659368391
1655266659
262535444
0
1833259306
138603386
451800265
683884368
1003441202
1315655731
1164569013
2011037313
1033060555
126354274
1631739988
704214053
1632455311
0
58477485
2097281617
1939805990
651018399
968599804
219036072
1281798342
19678691
153176800
1194598732
1904348550
165735074
1765333481
36112705
1236316498
187063846
1108256144
0
984154246
373343243
2073418617
1532197624
708389079
0
915992061
10620188
895233699
0
228330297
535670237
872986231
0
1875837504
636169116
96638606
1905981226
0
1508909928
1323708362
1939234054
1569848445
1347787309
1986854110
219561099
1256465096
870186065
2040633986
288020910
1018483952
309733621
60072286
666220767
1401903312
198401121
229809602
1734066830
1904249429
861756212
0
1893198947
0
1140467061
1948157098
21107259
1615433093
2581140
1439358987
2108379895
1683599572
1097397873
2065282398
0
704325244
266822413
336745234
0
1424472601
0
1158154879
0
1036010541
326273161
1562562739
2134079783
1992729401
1111539384
1038586743
1680650638
1443998941
0
607265539
535681195
1007781153
718816993
603422431
684399238
954292573
2034869236
1488030106
2133621415
1065371929
431573897
1380343087
455451259
688718029
388686281
2130763718
608946755
1581529844
983016165
1698749058
1120502990
232124104
2029503628
1670282010
126524723
1026839620
690051880
48561642
467312539
465613285
493737581
0
1530910867
661277153
1769798013
414926591
595893999
887009053
1356807281
1334925587
1497645647
487193396
1334293089
175378982
833362683
1044278285
1839712516
175404814
1971421483
896417020
349130808
751019174
1467616382
2102479280
962565404
1680418158
436289119
2105218948
1141320265
1751453767
1235657094
834942304
910820157
1545111830
1026865218
140485289
859431960
1212585895
1713951974
673976333
833191348
220398354
530995434
1531066209
1681395680
2038260239
761351127
1637675824
1796514273
1504310062
0
0
870240472
474533919
404914671
777033757
1858421273
79638179
555535523
831619752
1715243328
253455710
1100319982
834641285
1532369649
962930110
1371316151
1814633812
1598410837
1016410634
661589798
417147272
501195180
1270769642
60532263
343873444
275006264
1072369990
1479207190
737288616
987258025
1296103094
369280227
735526553
1268472800
299989623
2115831387
1838401028
187713285
0
1596918162
568417348
1823154061
2046500287
675021907
1473793101
2046818141
287641278
677064567
1601654400
789752296
2041130574
1188564054
829499605
877521524
1356703258
0
860756425
959443773
1899580919
629119926
593684173
2107340769
832540106
827486538
1857736433
868148989
1112335466
0
1775672109
1845845804
1506632758
1123992299
1524273772
592737184
218681774
708540374
1391092720
2128616132
238897262
1020286634
1923486536
2012809696
2059739279
427703155
135647676
359323593
1464306563
1088635403
1107047865
796969576
1925041522
1569334926
1762661808
1986501289
1342866099
728570871
1345745944
0
1770077031
599056515
791755645
1764072185
1501639650
766881307
600770988
1579382776
592304442
876065923
232723052
1038630309
1763685931
105167823
1606076393
1186414488
708666782
1243286483
0
1377399748
1151028483
903616727
1664449057
31756345
1150672519
1509200691
213411821
1073500580
375830918
80139930
179992785
1923238901
1299039186
161973911
1391640980
1766793924
920386123
1261832375
1128542276
1390634785
0
450313603
636628308
626207857
792584259
918671314
1166383064
234144224
272724802
302950047
1115712373
0
2134300699
215633651
0
1593725977
769223223
556046531
919301965
838815561
1149184630
2001339930
1355326784
757599656
1053403087
917145558
1140791504
1980209685
24823019
1508559978
518083292
1148124232
1118822082
579222515
1175866116
402365748
1039442403
50990043
0
1650796984
1089176454
595377318
0
56065449
763558402
1325771586
0
262198089
1466042279
487777939
324740244
2074617017
857276771
0
1407426248
1662067704
1222962303
809573511
332893200
1003650204
2134852334
39558219
180897676
2091305645
1561942410
345055222
54404421
1552897924
1017790598
347470819
42143316
564223277
163483583
1052137534
1009032477
1545635885
0
1556355095
1810776196
651181568
658085174
1646178259
1638694480
2138916132
612388347
1740830927
1428982929
939754408
1337861574
1952777430
943050981
1769875596
930687467
2000125519
524802628
1150907688
1246186422
50320979
1332873308
1508446572
1166135923
1577782010
1172728912
474189881
391635767
1758848350
833608392
436205204
1615412206
1490669491
993127556
788951789
1059381351
1401746478
51806636
1394822508
2100877502
1972825874
292017297
1456735065
519063906
347120918
114811788
924152809
229178947
1184330354
919017825
664676445
1305395046
349159614
751916376
1400750413
1788373922
263304706
1862197804
921986528
