number of entries filled in dleft :861
1981151961
1576918106
505139077
1154654070
451112449
0
1778806581
1028306870
1053216835
1106982430
1047678733
1424019316
990894649
1403800634
664280445
69407998
121491535
241342964
1789481103
2049291332
789832079
114648696
1068503339
906694998
1052797689
645598476
212735977
2119132434
702236719
1960666746
1284570499
1227466842
36572311
95190624
0
1489312076
2028946829
0
1449414729
701378814
994729601
89348584
1727774169
215449272
1319127195
1828277434
1077447405
1945192454
72709513
596808542
1044657943
1681432706
1182071747
96200892
1447362059
288808692
2007621807
1957495030
1999559443
1132826022
496507307
1378101888
957202065
578625790
1884289041
962650600
1299543611
399593162
499475095
221038786
1908404819
145195714
1217154951
1563660294
161170853
266238532
2120192039
1908410748
682642837
1606445134
1941284321
1215566346
890685949
189362572
1710110611
1888376220
564972629
301219946
1802209861
1802679234
1686481775
1549083344
912491931
1729015250
24961889
1720158750
893918841
941729452
699234723
912635602
2097131111
1706430438
688413421
1392620232
1441018129
288235540
85314203
1005071414
2069646813
755309396
1902953253
1700805704
1032973529
2010474324
826103823
983106570
1883371627
55206634
1073361363
1762176790
783797037
466773566
1392278895
516677822
486418379
1943327210
1263053481
1260720872
668765945
1019599410
292179801
1177657100
1053631153
1688256566
1451916655
31738852
1566334293
2034544724
1432314225
34872052
1817551723
1077583300
1427185273
613766362
1099235105
1756179068
1487407007
1503621982
1438347627
1880801318
100939403
2109397400
1212354465
1596727860
1968566919
645408592
2142367873
940058726
1027126545
576076212
832403507
937130256
409857951
1293309194
333717947
423659948
811867211
2009104402
496245625
1668293862
1788282471
423439752
708401239
524912110
1246213915
1202851444
1704437799
1546948748
1991313861
1608841088
826548555
167652964
1408625699
1428442072
1270452717
212271886
381355837
1731217910
1668474723
292429528
336421305
707072610
70170329
1318994948
1231611671
1687294582
223866383
1933547426
268984195
1862030306
793565877
1856232124
1928637347
497043150
1650498633
2105163560
415410585
589992528
1365179257
1630666910
2035258065
854949664
909065553
1552215722
811872913
45435946
2095468375
72691090
330447073
1747170852
1317315383
437291088
0
1528894298
878197101
812403480
41678739
256117590
1941530493
1503883122
1880603487
1327595568
0
1174049480
855861193
1543501588
1908129865
286765206
62721745
1038946078
370796759
1158905306
1572650077
204527696
990640029
2130181602
1828454577
1577296032
323335517
1736814188
1833875448
1547594981
742286428
747278371
1609891762
342488473
1947544230
2147235259
1772320126
1807667089
1004533672
2087556213
148248496
0
2048712216
1834740777
1857541554
879696819
1510929418
2056866067
453949452
504913289
667126006
1601373227
558107916
2081090333
880964482
582696035
1276554252
39431345
687225378
243628071
0
984815047
792242458
616464293
958785564
1724510709
197472560
851487599
947590532
966823581
724882292
1911872951
390524028
1962116201
491607774
1737955677
1408526030
1440693013
20423534
1853440123
1374424698
297333119
837241734
1811794593
117588308
766024983
1452664414
732233619
1480397614
980933667
1629988550
1810236837
1069267934
1586001915
0
641175065
1514446990
1554432941
359114084
172403165
0
0
0
1177048453
1105374942
1869422117
1012762076
1375218441
1813222822
2068505251
462884558
1402840351
711035618
1936015213
277458040
408687523
1785363208
432899833
1196829124
1568465083
0
1645334087
0
1039433891
1447715284
973308615
116920536
1811097823
552652806
342306319
431994418
1293736991
781792724
1871696537
1748151742
342395319
1448304894
558401909
1898093458
1755225705
1005005760
1487508313
1253152880
1215000703
1156476266
1037981183
768558002
1660244537
577927178
301560245
95842020
1377880707
21421992
1486315439
1335828536
1686544869
87927634
2143806587
1846484982
683965771
1662992646
1265329849
809299840
549255643
347661620
1599492425
1238890792
918893441
883605806
1814129873
2095928724
628948177
580130618
271625849
284518682
0
1371115396
1674106009
909486482
1609464699
428731456
907965635
1596722156
477234291
130652706
1464756099
1340761416
598728131
947157632
837221073
534818300
1821693941
1017136134
1667053761
1924467028
1332495485
2084997386
237038627
11031052
307626341
778500978
569446543
558042384
1174388321
576363948
671254761
1342762672
992027369
1619574504
1535087807
1407166182
1049965437
1087566654
1896627609
701789286
901023613
1092864156
457535025
176188898
2082690345
0
1001626583
1855073290
322793397
0
1105751443
2026242086
693427807
424261172
2081124011
0
102451387
816347884
809623227
1316894338
1629274021
842298052
1365144871
1758449964
1182155979
0
1446322969
805558034
352077137
1303635180
433884159
1886740172
2089050287
446114678
166008245
183298212
0
939888840
2004834011
1196985766
343370955
1987717176
1685404351
1116146308
726895501
1921724826
806820717
1146158228
1987918205
0
0
1291777736
1361734271
1064116812
646035877
1129917382
0
1190746658
1384672767
1697667352
1816459647
501834262
1758832993
0
824869296
1715304295
943511370
707058547
0
1437993651
1139037044
0
19073966
0
1743964050
0
1951351130
1905665411
0
1422985385
244187054
41184699
38761626
2129543529
1788727226
879436395
1677276754
0
0
213603019
799324610
2071575413
1266071776
241040207
1739009970
550194973
954129944
956370589
208048356
1461739995
1207131936
265440431
2038369386
307675643
20752800
332754631
989313478
1940103483
1448493306
0
1116511346
796996837
678472114
753129313
0
1120923327
693438082
0
377496542
853777405
246234842
2090886363
267280158
500021097
1024555144
0
1624320380
1954864519
921749262
1956472141
885047842
325022573
1403966632
35929567
1330083302
682835239
0
0
1695892202
1152127059
0
1821556473
1386213418
1315972493
1366805212
1479584109
1615604688
1337759991
2109294190
1236056381
458281850
295554935
2048027520
0
1512700646
1340427175
1176706072
391460985
130556654
1990257683
648043786
1840576129
1774489948
2000124599
760026382
1713291899
215714214
0
1967354510
1173375397
433215054
1888328679
141077686
884921061
106153162
639916715
1307533768
257772129
1177152560
0
0
1863291089
1050498070
0
729974556
1721571899
388540930
404789239
0
1025647185
1317578346
1360803947
96383652
62880165
0
1263910119
0
1255580693
0
2013485111
198270924
1836588691
797189326
1851227247
288098848
1716002297
1729209358
548077175
1413053052
990584059
1273359214
1076210121
1603147660
1265444549
545163272
1811518355
0
2119194121
597222772
1494327227
2033376818
489712339
509578308
1775516441
1854684850
1259766041
1374939456
1495347061
145028280
2135339843
145946058
1640669309
1072225618
1854908985
0
0
429255062
1523643013
549679404
1351105239
247013578
1888012883
1004239934
1164189701
730442616
179090377
660613680
0
648437894
1445036331
1476281184
738234975
1294787986
1849364803
855485624
1495516941
0
0
517628220
732443255
2015470008
1249228881
1038305154
1213659607
652583848
1807230131
1224588444
90743463
73191818
1713419229
1293984856
470283769
0
277231155
886889674
102843673
610225698
914030487
95979282
617081699
517248142
673541761
1069479908
0
919155244
211846559
1303862294
838952971
875181950
0
1059312372
108718641
180499918
1500436709
71577364
574201217
29186138
721003165
827044386
0
2091061390
825462899
1988415694
1522971951
780806448
0
27876170
1345825017
212557336
17519155
1718626808
484997495
1293053288
1798241613
607759116
2067749233
0
2137025217
1453118910
0
0
0
1229852890
1020328753
1246165132
0
399818420
933252785
0
1663379095
904701680
792443195
683220698
0
2138513628
1972817073
0
1884221429
481779026
0
1697829922
0
1293574710
1902692193
1455764826
0
1627364142
581786273
325167160
2140056793
1893335010
0
735837062
189269763
1725400090
0
0
202884731
1841652802
0
1654474690
0
1958904800
1843342205
1850800640
0
87750456
0
0
830408717
0
1132573551
0
1676610477
1125344772
1300573777
69455552
1803947801
2023043982
26660087
0
581848125
1532018714
0
958624288
0
402837938
0
0
1523361563
627569574
312478195
0
0
658612858
1926881551
1322035212
0
127002814
1841960395
1005312440
0
712410184
1808389505
1429562146
0
1863444486
1128948845
1534323074
2070909821
1115556920
559747557
0
569351445
97246198
2116319569
1664084188
612615679
1813083328
0
1100901686
0
924636590
2067200823
199838530
1861975341
1754842256
0
1860148982
0
0
1581598319
1249001946
1373739227
1303635380
0
1210308504
2088792997
115778346
1120726287
1910908214
1636364587
0
1347970403
0
1484097985
277421826
0
1374501546
0
1139135158
977621601
2027790290
0
833268356
1847120981
0
0
820936750
1382165657
0
984586455
900298844
1596576657
1952127086
0
1106305778
1072138047
1945476208
485391767
0
0
813953504
0
0
836512233
1730541592
403966593
0
717940785
0
609571431
33259840
0
1463150874
0
1398246006
0
1729190644
173118947
1587945710
0
0
145285105
1220501284
0
1614570298
1292890659
1592890320
0
967898754
0
1468595326
0
716723708
0
398586868
1273861059
0
1872520137
0
0
947773128
769130861
1931985656
0
0
0
101940588
0
607452898
0
123129910
1197000153
1907905942
1614665255
1351037710
2058919763
1383104862
0
170817552
0
1438636932
1439178301
668917328
365554081
932338036
0
1343545786
0
2124730402
0
629488084
103386157
0
1897760365
0
994803173
0
1166772813
1434582176
664776963
1691645466
1842512063
2005730940
1193148609
0
475717993
0
0
270797674
23545441
841981044
