number of entries filled in multi :825
0
216521353
365236242
1589138187
1673095833
1430741605
666448811
252441999
457588664
1976282892
518935834
1119240427
442902249
174023716
602292398
453593975
154078568
1346455921
1513432194
645995715
937231457
1142284261
1445739574
1094723622
0
1275256576
1350285459
0
1211578908
0
0
700689830
1501634773
1023330873
685324938
0
0
1576524485
1320846406
0
906138328
1446782305
695331650
0
685878228
304262956
2025489511
1890210570
0
0
793235522
1840535331
476120676
1987200845
1773891550
1519824887
426793217
1165428804
1774055690
1079443843
1401750012
649143248
116126142
76082775
1480772445
603289441
1008984162
641285555
698497209
1829637236
145280131
0
203396773
908490980
591742170
475338875
1911239300
0
805367710
436705310
1666411880
2066843185
1078092775
0
2033070924
1422878189
0
124153575
1394576448
1681916801
96741959
144807427
417250989
1402038125
940744582
542035839
1340055784
499297121
788061586
882371419
1863024797
322095172
1355162166
188126695
1631837285
1697061609
830994218
1188007366
1850164604
0
0
1730058727
1993901381
487119065
328091442
0
0
0
0
945370231
1993134464
513303281
914209767
1799759162
1745223916
1984688349
1541978182
758882335
2053351657
1058113953
1852362079
1074822090
190887225
938544213
1620977918
0
1966419281
0
1629563658
0
0
0
0
510739375
648720800
1498535921
213386826
1279450982
1470477580
1666098637
1387732423
208817666
0
1355385361
402902282
1256557003
1562052417
441267909
1236564950
1777288887
1645194168
371699976
1658436554
2114955515
1672192412
1187563301
466344110
0
425295640
1982473545
878588071
0
0
1596005797
468910247
1397878391
926009000
72570280
1113794443
2042080811
1817146997
0
1967005198
0
1187559728
0
1647043018
0
1252524444
692741232
0
1005129287
576545704
0
947418738
0
665451996
1989311549
1070396843
2094637375
1615280325
1736318065
889809802
283781859
1899043593
543241052
0
536856150
1268420368
1391395201
1128035839
756296266
342119668
1397496044
487321214
2030669386
1708494976
1651530753
1778859154
1332305243
1513968300
1338654208
0
1210078287
1729156224
1144234985
1146843986
1831925707
225926284
1840873613
1917594123
0
1235810301
2015613937
501641930
556086451
1326682460
835558141
68380134
1167738930
1783304648
181491340
1057551226
492170483
426958316
279763429
1458374262
2031388410
286458629
1913057833
630545986
0
1032548353
903136389
0
1253856047
1114049969
1417664300
1781300930
0
744749660
1965052904
1236992990
1940703087
326466200
0
2104167807
352107371
481656444
840011348
0
432518007
1734277616
1785725465
1591303458
1572187158
0
1387812304
343713150
922764047
1496253040
1994481016
612245450
789240899
1901183052
0
859149595
1724594791
1026752272
1001106396
1462371975
0
788732028
1082218976
1260488110
1595345095
1425146912
38296369
0
0
532449868
431872824
1477722030
1390656903
1850458648
0
1729927826
1542956331
1570830609
0
408069059
1199188990
554073333
178587089
0
1277117971
0
0
585016094
750321359
813366728
964317753
892095271
1388480571
970320705
816518357
851919766
199382911
0
1743752897
1012947175
1278439507
424272684
147706480
1034151630
1795413158
0
862509161
2002789327
2090287250
821166300
1804213677
842391462
1464602151
1380004016
135212801
2094571511
1603787819
0
1523460453
2099684726
1986011822
1722938144
1777109649
1867476395
0
1785735556
1162270837
2035175822
218998319
158176073
450446033
1801646671
534620954
206337484
1990226317
505472174
0
0
1915816537
0
135854942
301494220
365951864
1669297494
606674954
1513137473
0
90802610
0
1503797220
1273951021
0
847706278
1930810765
1759306297
1735719666
193164486
552283244
1978446221
38265134
769614970
959605224
2097413521
1067306047
27971478
897497004
0
332218478
0
1526136672
0
1172512943
965325686
0
0
1885743462
1291618959
0
135873073
220337802
965283059
115982145
625394365
884525159
0
534338744
2035169561
1965117298
0
1086447173
0
513791510
1767004391
993710400
0
828421955
2016293339
0
0
847010030
1264404518
0
0
1534178818
30045395
1281181532
1402091581
1921976958
0
2089115576
1962268777
722889082
1508378054
0
860003189
0
734749055
1248035296
0
438575359
1644498038
241345573
279295301
1580778895
42376486
1022169293
864179857
1040593851
380168590
1993435412
1507270152
457099355
600423754
5432184
0
226512530
791958594
410406129
0
907434107
929329886
7696352
0
412540786
1653240662
1025057873
240209444
0
557168439
0
0
377881738
1310623499
0
540399533
1084121726
1087234183
0
2063810393
0
1960394299
1888389765
0
0
1794908575
0
1975318945
1979459371
189081963
282706652
548991836
0
0
2124379712
1458697416
1595442858
1595450275
1787670028
4658512
182322334
1907560231
967218232
8701177
1749041810
138491522
1546793241
774524021
881347382
204227479
1277685904
0
0
1888297699
114972713
1917342988
1167182483
716916759
129516616
634711120
0
1341534074
1326630033
1098231244
0
902970842
1716173384
289640601
0
1773388603
178799860
1662037701
625663123
2096840279
1852945721
0
865771314
0
0
950783013
548242807
1969958874
1937684400
1971785832
1721482298
1374244394
0
604956317
514862622
0
2032695464
1109414921
1275864554
989823659
2008268876
1320208973
1895305775
155924943
1261882384
206405353
952053042
1679673018
774717356
278437149
543702390
480640759
1107592056
2023792281
864103642
372356555
1974099140
906834660
1615719694
0
1363731085
983709196
830796594
0
1872090180
1284172812
172022230
0
0
1415106537
2085925211
1878450371
745301988
1603611821
1416763815
0
85832232
0
1230589594
2031293635
672822300
411473717
1460781550
749636231
0
178596300
625486082
291842618
1215289529
1525761877
1699997086
1324141151
739558489
0
1644218346
0
595273356
0
1115195190
911775914
734804792
612822961
1843212042
209391579
220312756
1966835381
1938567694
1165387743
1030325041
1566913265
1859716031
403900619
1209716956
181275237
1051733175
374561151
2051303096
539015033
1144198954
1566410550
1113443213
1329361460
0
1507852711
1911515217
1060486761
674169639
437805402
150789948
1988752192
0
294241322
1703988581
629564761
1058493882
0
28320469
1488553552
0
851646351
1687331733
1821589401
1008359474
627491518
1970235169
0
2102744374
688645458
777757365
4587345
1963945402
1230541930
1894480649
1922167373
1662156014
1878599583
0
1595446137
1484115354
613781370
818375236
2020695669
1875518566
1008270082
0
1925899321
1321428170
1836961451
0
0
663064599
1109442799
1904395456
2014692636
528132362
1167369507
956680569
327666504
570958431
0
329855697
960550849
1147004570
763807454
417008236
1678488461
0
571781543
77101977
0
0
1409307022
293898436
0
194909483
923616311
472947560
399150937
294620506
1220341747
0
3432828
955295038
2044787906
298611256
454917809
0
1331438182
1965185481
97130920
38559118
841033122
1156930885
1518530729
618600450
813511531
0
566935988
1260391271
658855887
0
1992472432
346630295
339436187
1433205513
1644816077
0
388757495
1393435984
916146633
1271803199
0
1232255300
24669677
1909304790
83679402
2030783789
1392940873
0
1402610019
1238254996
409860288
1358546718
737242898
0
1935890544
0
0
237422956
215162013
359176678
1504870559
0
1029258913
351384203
537354091
931078332
269762989
651919787
1651827110
0
0
0
1972185955
485173260
1510711492
1869732715
0
289480009
1565015312
0
0
1817661821
1213960208
1178272326
920971626
426012784
242635828
791214755
0
854419492
1403539245
1161586942
2137361026
1322774696
313007920
254766018
279463963
1993161228
0
61804267
318462706
1662703549
1251633969
682337602
1040524046
603008260
866840253
1622457467
1296068927
1865939376
0
1841462282
806302219
0
1652824832
1143561726
1138137890
0
825264953
2114249658
1811086246
1538012132
0
563880782
1992995575
1324519920
794139561
1258753415
1776715942
2056975585
887108928
564044022
582131023
1148525192
0
0
417509771
1201491148
693779517
114278155
902142223
1662998232
307265896
286857146
0
1452930221
100516653
0
392899671
0
1253543980
2042685706
884990139
517913732
1140364496
51154014
1201525911
0
933798809
738334450
954673270
1576635065
613795869
0
1081183247
397369968
1956514865
994816794
1770815275
1977482281
718775744
0
1594264055
451281309
1819348329
250965011
0
221127876
0
1760441179
1895964903
2078563829
1928660985
1798473306
1670364443
1714814268
125409605
1163704062
211134599
0
919229577
0
716721635
951445841
436680949
1972722515
28879919
1128411296
1468054257
1460428562
779095179
1402612748
1095404864
654521438
1138768631
1193493184
1575437009
932955754
999669947
577035884
551282448
1331961494
379890607
134605192
1325468820
737860783
0
246150428
2042660821
2109625646
1226977778
239238920
553720681
1761594394
2056166862
790086796
0
683543166
1955951674
1745410565
1310450580
155727066
268058038
435563284
1311423285
1523797854
0
1431924128
0
0
656223310
1157448741
1363972453
1383859198
1343715002
1633485717
1276099801
169049962
0
2033495377
63719813
179108579
1815839887
1315913368
359888665
0
624322531
1387185820
1259702237
1622926766
1471174767
1292673017
1835256020
1307566970
1033513539
2000247092
1379769308
1937549694
712000215
1005823912
1932325449
2116389130
515058206
404857868
0
1514664023
932395383
1022939392
1875224737
389626770
1187870795
1865254533
1762457733
1430662462
1874881674
