number of entries filled in cuckoo :922
817802330
1514781379
848911408
768538365
2104792034
2108286379
1610019908
539330845
2122976466
1677669691
299622364
741802305
205594146
0
1673079380
1376689285
2140499658
1429085895
1645382568
26649617
1049071470
564479207
895709964
1329597569
92517678
1251400611
1338589560
1179959773
446853438
0
112697980
2086455597
1045274962
2048127723
1444024364
1979831881
1611432058
69303943
1457351228
1342337533
1124848114
52017415
837521624
105922381
696286474
1878262163
1115752108
326462277
88243518
1218367335
427341516
1032351137
690670862
555757607
1872086004
1931566789
1865597082
1112416027
943960384
1902478369
0
1102308067
653102996
646363405
1698584106
1602921423
1497725328
0
308071462
1976983519
1990723816
1022855245
480243130
0
1160905176
679758553
680625142
1373162883
1733842144
0
1887617322
2088325623
633414072
11331681
1137824978
675763903
0
1896989685
293502370
332695499
2093763760
0
1228952350
1541748663
481125476
958753461
776127362
581430291
750074128
1186396809
655847678
2012289263
477780020
2009225229
1528669862
369767339
703709836
766808693
478244122
0
113470036
1595253357
1882917802
0
415245920
857788057
611304978
1868871163
1279261316
1574752333
582524926
842988523
1341973148
560927849
0
1715961935
1265524240
1868864229
1405911922
1078495155
957528232
957686577
253456578
726533755
1236405844
2020454613
1035309594
741610907
1744253804
1558754041
749602226
2101724351
1877793908
1280290181
1559372970
1198692087
1343089172
1126554297
847175398
1618738251
193248424
1497425661
1940306870
702838891
1967023928
2072654609
1438477238
55276543
261755324
0
1353645586
1886824531
455845580
1664179177
2005115378
1335512687
876411244
838364445
1682661210
997981187
1593904700
79704345
1195246302
1443498479
150093436
741685789
1513817530
0
1739471320
1572849753
1464708146
1807055999
1756613464
1392123449
203739634
1885408315
2113947844
1365355529
645714242
1546217851
1147963660
456886837
225720242
2015111803
2079382708
589218937
1454542222
377536287
1837327000
1568967717
390590570
1273942835
0
1887257337
1505400382
282319855
1153795240
2093447141
1067372502
1029517787
1674967460
417482265
0
838606411
179132864
578784805
1862245342
0
248093672
197784097
1714593954
1315688431
1329610804
1497882809
2075204458
713122555
1063669640
628734953
2096432030
288141075
800814188
1227006733
2022014618
296497599
114483992
914058489
995629950
643972535
1232284492
641510909
0
1352592307
1799324592
1129147201
1926717686
931658599
0
0
395908514
895330879
1001373680
1733959161
1937561102
250811303
0
1509465097
1377173030
907247451
206935344
0
1731479646
1168344071
1539152668
0
900057122
593754675
1073196800
843201697
1655047910
1552824111
1794275684
0
1940477462
1470351219
1735286968
471092665
628882622
1928991359
162084020
262357065
640096374
1891372523
1548368044
1149817497
587732882
1777453319
239237852
676603181
904842482
486248875
1615978476
364879409
352872850
2126582407
1987229632
947893197
1383608470
1813959467
94224648
1357516041
1976694266
0
0
1668837517
751576106
1390391943
515570756
699434241
26511882
905905899
1288213028
0
190434474
278373459
1249016112
1026562193
426357674
1804786835
1437846804
1237175077
1986810254
806422499
40213184
0
376742302
416633039
1121583652
1823523913
1473060314
1554779559
1641248640
1035207729
235075910
790783011
305681236
1845768813
0
949632519
69749920
1109527733
0
435673631
1817256164
1530188101
386266378
244414275
2125700476
741896753
1064601458
1442427319
1218527472
382136497
1456795870
711889967
1141211624
2097482433
1064001562
911022479
525435132
1439100949
0
0
365766088
703702497
1009042750
506577015
736616276
1990811981
1867021154
1428707787
702576632
931190865
919874274
0
718168612
1798105797
555451530
329536347
742258000
1466825617
1051769134
97755791
1388858016
459501397
1192452186
915657179
111455872
2087796873
122894614
2010593407
1663318452
1655125941
530901218
643190167
2083570936
928515917
1832285634
1180613411
1746792624
0
1838344390
45593883
2082954484
676578885
174127542
1386690759
637929872
844652201
1915299690
727706999
652642852
509714877
2027529774
2025436727
1226345172
1850732293
1639825014
1213252895
357247960
1702374029
1086934930
1827315507
1216182252
387700893
952640306
39464747
1832219816
487533621
934480050
2033551879
2000540716
0
1838548930
1212508039
1505931596
1912441417
577451654
727381439
1242907620
0
1622201802
180432139
1607241736
2028138773
1574176826
1641355579
1732120580
1827058397
1577165950
351036655
0
1551622825
716945918
347498947
89589012
75332709
265755918
329542431
1668740088
621375489
1702350950
689719539
372868932
680930133
1794252258
186961195
0
0
715003494
1965423307
1176467772
1135198053
652298054
765263935
237539952
44817753
433626554
1957983751
1922634244
1760208173
1867551906
333409763
727703004
333499397
1331689646
1655783295
1477157988
904822041
1621796870
1482998083
1506089872
1552548801
633171750
44270623
413918192
82363609
1188313514
1049265971
1191290144
1343091025
854448518
1356040807
601228564
2034823021
320561246
237474939
1639147288
1240024921
910540198
462719855
1427885040
794577217
245170434
1222121707
1738655056
1067630509
1861777982
99304995
107837844
295394309
250287570
0
1710088784
1061037661
129959402
2100534167
1808801560
1399330593
1808722726
150984379
986488424
1930383893
613663506
707785959
153921884
1220220357
1141653858
780350227
1778104460
189148745
1721520990
1141675147
386309304
1376118097
813577038
543606347
1006038064
1921659357
831548834
751954411
0
0
745374266
410984819
1073051392
708947113
1707943990
1569830903
0
2008800701
655718794
1715951443
1383150724
266519081
346219026
0
357540460
1212057001
1747781298
555647411
1101363248
0
1235434382
1182232383
1563179968
515610469
1091460350
1081403603
0
261594385
1589473754
1336857959
147478756
643866049
1488440398
1121280915
213919052
21588701
1009893970
939365107
395468636
1941609237
1387814842
228420399
1626772332
544585229
1352791734
1665797479
0
367080737
828976242
0
905876408
872631701
1877250270
1562668815
1559205384
801995925
1544528922
1009515187
285329404
968248421
2054500006
371356063
934077236
1837455333
1472667190
1453418803
1837233972
2092433281
1749447702
1144373751
992519080
1005638545
1605371942
1783001847
1295033840
675077665
0
749952931
22322700
1141841485
1303734794
607004243
94688468
535927953
1267289662
747549239
188738164
1712899241
634990050
1581730739
2016547024
1644669721
1424195758
1546392867
2127000332
48404965
522737498
0
1530840100
1688747229
693804726
63747503
326995988
381964437
191669186
1555468499
1184788328
1693363993
490420598
35536711
1240036644
2000457909
1363874758
1069321811
2090781496
1626413425
2078611322
1318556579
423364708
277630385
263270098
1305284223
598830576
1817618649
1918634294
389634343
1723209276
609140569
1261553554
545636303
40561724
1948246841
482212606
1831205915
1545019100
1017118661
1763918814
252138023
924660592
531998625
849890498
709727115
343143804
1042280261
1452095042
1369361615
439772704
1894766745
1012354478
1185361903
809826564
0
1294950398
0
1531941368
782718821
764190
989047891
824101964
1716422765
88927442
1329047623
366356200
202729245
147390378
2108803491
0
988358189
657867690
1524415755
2097488896
0
167633838
963611967
264835412
903313805
522264402
0
0
1131988085
0
773678503
2038221556
192343645
1128113502
41976403
1779516200
0
1422801370
343252839
2052851612
180197141
127197442
1374440683
1493188640
944697565
1817062606
0
1534950528
1724389041
1585418978
336602459
1373113940
2043919909
1767493370
2112006687
2034158652
1539657529
818747990
1210910947
1864941048
1432208905
765383334
313295495
1329395740
915382045
0
1572764099
1428308640
736210013
170565926
1732610367
2089404812
1182287965
238668094
271680831
1485657608
1585054665
60003586
623810543
1874250592
1122692829
1265011926
1502662359
2102014608
1891706385
1120820822
862134559
131524760
0
1637620658
0
593900124
107663565
228756166
739407451
2000981400
161129365
922770898
1166654955
1050226120
1653696777
1241596174
0
2117572904
1107950841
1366065818
0
0
1353406393
751626254
1979592919
2116917292
1148755637
1292270954
1813903607
796752172
2133582033
1553984590
140971935
2109269648
570938973
2099536666
945872239
1667990784
0
1548002294
1091481703
1558210144
381050501
1681095586
1154947003
1584473304
943283653
116841782
524145971
1281058948
894665261
1087438602
1278358091
333147208
584071633
1094225454
369041283
752544364
386250533
248929106
1476128743
1846564648
42398429
0
1244638287
796630340
1478778013
1982482398
151033247
1017103344
271982777
585777742
1798499815
376886532
0
2077710918
1857236299
481592560
59403317
906120090
543473399
489159496
1713702033
692687018
2052425923
450057376
930212249
333400662
1121856723
31961724
1322328485
1352152022
292146931
1937505112
668577561
1020172822
2019150427
55622956
1631435773
697031774
1461421359
0
0
568050742
261608179
1717324380
0
550978706
635743571
0
2143556029
80782718
882242083
1545914996
1694794301
1221783346
1701955659
180795976
106420913
1494499638
116937831
1636145692
28207501
198206770
721576499
406915092
0
1848415870
218557767
1198973988
838306953
482403026
1611328011
180229296
562453937
640587130
2024645683
0
405323781
693067934
2053219975
1750485416
1865835917
0
808253607
1193931052
1266388365
841003490
1219195195
577397980
842907805
0
1156490263
1387644712
30823817
983890618
1634109491
0
1689326321
1729863838
2086262435
870040740
1780721629
872205242
1732649211
20041072
559360785
1857074562
424863815
660556628
61282317
683829438
2082978427
0
45968713
2107574094
1996947099
164743108
0
192625682
1712745579
1898560680
1743652497
918546930
1231161919
1446630276
1553093429
549332150
818826171
1976230360
2144031841
176443758
282779675
1056012660
846066545
815811326
1930705291
1112145732
1249043509
2059253630
348443991
1046990556
1995013189
876957210
1402776723
2010585612
592426101
1328907678
751465547
46936960
1078770937
