number of entries filled in dleft :876
4738708
1887220177
50454780
1121359645
1749139782
1916569309
1436006918
1130541581
193760498
112530985
1984663318
123797961
695371868
1864169823
2012926230
1988558277
781636906
1252408945
611356584
1624230837
1488070564
679174463
783132832
1180484545
1730954666
581858097
493058898
504446759
1106061702
626618559
2071767110
1962887381
261364976
299212119
1769481438
104199765
1740085232
162605807
1503605346
38002601
1492432266
0
1250960348
1551547641
307763224
665994329
1103639086
389083049
1925912472
1422263315
412277312
2011776569
953289280
908720289
2099767570
367864621
1305405986
1225479593
1769776852
142263161
1969362132
477003771
1574970952
1736859117
490601492
1186768913
962882692
539856437
748704660
998832235
1141833568
871139121
1412011040
961259621
1688460566
647877385
1783174602
314649989
1099203186
927079389
589761364
1849466477
1403165710
663921911
0
0
216877986
718644977
2143764312
637846027
1725537718
493241817
1508915556
381113343
0
1220627215
1215968338
345415477
2064826170
1025368589
2097365438
983715999
1640027312
835282019
1185316544
1141470679
1600265488
750631285
2022768626
601202339
1026814126
423514303
306199830
335498461
777990472
1705446379
611419292
1499156585
1273522766
2115219441
208929468
0
32437178
1977209253
817262146
1518450953
1267088836
992489973
361003860
201709137
1561112842
1164977515
1575826270
1029165487
1909577470
190364285
846802850
216537395
1518469264
672921241
47740790
556302209
507046448
1962375435
1542686130
1113529371
192170244
1277562825
711751006
91112667
1992423064
407767349
2118165640
1624364805
1033415590
840532369
125893954
154064537
729986908
1421587935
530868898
1488238881
1436332490
616534853
1682001204
1776334429
1767276652
125014041
343565610
279883667
1871093148
1195511851
949589668
1955439145
846657612
845183471
1485997334
89814191
413690206
562320983
1517419144
287345277
725751798
1599049019
1321494288
697435785
1848784964
1455301865
1978063002
1516230787
1114686092
1645080503
688384684
1241440821
801861946
279689731
2067685668
1177126375
2022158004
750850423
1342853450
1221060329
475551136
1307419737
1880346142
2012810785
1510336938
1600703261
1755067236
101526973
591521656
1441213253
232273660
1593271873
0
459778163
1917279800
1519511849
2100354070
1923674247
961888590
1322653511
560826350
1388549949
1332307992
1340363545
1506758554
1419506931
285540454
1272895635
1989934116
111762485
1890118422
188130749
312125750
1879611849
990789442
1808472729
1247155094
1105168021
1584248614
816361753
564726774
2132513259
1253741232
2055264635
380908666
2003087195
927692492
404598681
1040562827
1688810700
737734447
479103924
319114317
532688174
922771059
1102382102
1072064883
1674789064
0
438649398
1684522581
1110358166
1434107915
2000209568
347089609
1546512018
787958753
783458708
233898411
1090255264
834851379
41621832
1461951191
345466592
1629606517
1821176980
1361792839
830831018
983383857
1068855266
650293825
1575113866
2021601563
1526399104
1477903433
945470816
496074861
48379554
340528373
1643174046
994933071
1309189988
1067423695
0
2027279739
1193582760
0
1279267902
369049607
2035893494
57821521
1013646314
263569443
1541713190
1340415895
1318604100
1053320051
1862461426
1265423001
1908994958
1468714689
73582542
1145245281
1960329182
1890032815
548063702
0
1907832410
1918740065
1579820242
295378949
677435014
341019261
1850801342
1562487373
613085250
2096998845
2080467094
1941889159
1134372332
1794656371
817237018
0
1312291834
43674499
1987326894
57662371
713195518
764920655
1070318156
1404237547
34226018
1258287865
1980725990
1042282093
485035194
501634133
518918806
993656519
1580602956
636186095
1492593402
0
1171673902
1215183219
1006142050
2104284421
7614558
2143543825
396774642
2009891981
1296043424
0
1816744008
903002137
672589478
447945887
1420946984
1235029129
1619999168
1085463007
46685540
2044811513
1241273530
1625278809
1027908910
125281569
1581473754
1739495511
710207342
2050280005
1653436214
101683389
1263477802
955017891
161272210
2124922287
923311970
758820029
1513959964
0
2103847618
1882398659
545128972
6982435
0
776666119
80104276
1795183651
476653508
347310367
456824202
173348563
1250563828
1131715587
1892571928
1614276355
793485732
0
1326197412
1396700445
1616772902
1152472125
0
8638159
370959514
784387405
1744227362
1216839433
2052501810
0
559283602
1241496319
581462458
1899045893
1925161138
511389413
1388062658
1982341093
1126532122
1287415217
1541265700
197590473
647068638
240671891
1955869494
542382737
400298218
2112950907
742725784
1432828931
440764228
784756953
1989079440
2020574035
470944006
537684693
195429824
1745080647
1382301418
253015021
438727656
1619051307
804383398
927035401
1202986422
1394650631
2042363600
1480967639
2025851268
2036718473
820536944
1058764023
1259214968
468896547
168567992
0
1763045774
730187145
676850592
843767799
2131219084
1595499803
1321192726
605604665
1537169428
1645677235
460423530
811122233
48700776
20650329
1121078342
1597524999
0
677159473
73330826
41313967
304327250
1497751851
719447034
774431981
496232742
29165789
32363828
734946831
946106492
543751321
52631132
1532221050
1440505705
1451342742
1345003727
1201691958
469487357
0
1806951939
309633516
1916242703
1509248622
638986903
1353947438
213243191
661557434
724504807
0
1394702355
1624723172
866524537
2122957788
1579162131
1487211104
1721474595
1128973308
335687303
79235912
0
1355445646
779707263
186566140
999093795
1932544622
1100929287
1009986600
883019039
792491344
1442549741
1806619784
0
0
690873285
1477527962
1550140575
610348068
1593597781
647458642
317823125
1638829844
1250833951
1134715410
1975168809
212583532
136168399
1076833390
1101820361
1878275316
303140903
1942091658
884614001
1289293478
970156281
1892702656
0
1394520124
1097950665
1729749360
167191529
1955589414
704624145
1845390062
859649987
1241536644
659345541
2031684006
1596695299
1761505624
1420334717
0
1285077937
59911340
874770809
649363044
884615739
509432078
2090161087
1269065870
1309688639
1511822776
1238546557
0
1270134123
454781750
1529941577
696608296
2052147523
703069696
1810794047
1921854430
807245697
2048056578
0
1935444064
1712905137
1207604372
441733101
90671910
1359175031
717956460
1446446977
741450024
0
470377866
1682497455
1527862332
455925381
2090900418
1980648081
964444218
355617133
613558514
1680318175
1935787780
145317733
0
1499696521
0
0
0
0
1690358188
1085851787
1787169148
62970125
837169138
1008584469
1806929854
596561317
1629115056
304735543
230627854
0
585486408
1172731113
149612870
448076957
591210402
1624542363
1175395182
1302954217
1645850328
1976630317
2129085538
244589123
356482368
2015189405
263825030
658244905
0
237249115
69386922
1107835075
870125942
1116468291
1081589866
0
0
1740871205
0
839573505
2045501470
1134934241
321444070
0
0
725156809
270138420
707578687
1882267700
692755105
1052852950
1515304655
1689612170
292810327
621002884
162807105
1883658890
450192623
2057201874
1757839329
1148243286
83612295
896972178
0
609785642
132298109
1884623782
1413573591
0
1761316717
1508560710
141888565
879340838
0
1883151166
1403694553
446663028
294820045
1042472480
2001594663
969174770
1023003721
822576242
630568135
1655532210
311896491
20367154
1748403179
1090718918
1915598683
388762398
1527011955
957281024
2093959209
22875052
1070153043
1831200246
2060898553
479463216
673804007
1864683826
1881753043
177710470
0
597236750
318176913
716583062
504162885
811344100
322204011
0
1192013159
1817738880
1832218199
835217018
1484976003
1531718314
644938691
0
0
0
1975867942
0
1940403902
1100461531
337474190
612926697
1834552562
1225690753
209589078
1276548271
0
1136217379
0
2101162105
1151451682
1075686833
149407728
0
221197850
7453747
0
326241549
743994794
0
0
0
1988004938
575545875
1620877306
0
1912913238
1404068757
764204214
129522279
1098477762
184332583
1350942196
725974555
0
1648441549
833525780
184961387
1218966198
873930855
1843018840
1013205921
581328886
1699453947
797545164
0
1663360908
0
1556186452
254606965
0
1518795833
0
24812839
816549578
2094280325
0
0
500229948
1461540281
429105446
593289709
0
1033783105
0
803344513
0
1116658101
479129952
1831032869
775291732
1604456111
2122853432
697139587
0
875405707
1427430456
1668058747
0
701309503
510125584
402227799
1496222962
1841184681
1282721026
0
541991752
0
1927471776
1222322317
2051438748
0
0
125401151
771192462
0
328900348
0
504216108
717188503
908812970
1976440817
745411460
0
1499333054
0
1367454482
0
853788778
147866353
0
1988065747
0
1416931765
0
537702951
539594356
0
649676338
1811156131
0
722773693
370171374
0
139011650
0
0
200619707
244458240
941127759
1500508184
0
0
1979767271
1090598420
0
1558204098
2044721925
0
0
0
0
1091104900
2061913965
1886741392
428257277
1861685176
0
376491622
1078317139
1109315376
1965938237
273806098
624722211
0
1345037607
993088466
1142514665
729013044
370106593
0
855014977
571445202
942317281
1679063792
288827347
1168081876
0
0
754003285
0
1738011201
1989520760
840343343
0
1373495665
0
1392858197
0
162572195
0
994879329
1027681270
1473909223
0
1820122665
1256278830
2124694631
1317607828
1990742563
197167226
1848882227
971247816
0
1811674978
0
932297976
0
0
0
545615260
0
0
547928015
1679439760
0
0
1319613767
0
664457923
1908003524
2076241377
1898800982
1650519845
568850906
167325125
1221791922
1889163949
0
1430825819
187491614
279203295
0
164338969
1645535482
1864374597
783688394
2145043039
1062552838
1517958633
0
266499787
0
233230471
0
0
111159028
1149936511
0
523975827
2039951660
0
1604765610
318726473
9237178
