number of entries filled in multi :829
744928723
398386058
259220433
788349000
802911647
1905702066
0
880539696
1042473051
604803210
1192400033
882483576
577489623
1374239918
648301501
6634760
2025346675
1237028338
1501484685
1523423624
402796667
287032838
1543980637
1301560956
867973955
1675625202
697848553
489719956
1195996487
1152291102
270638181
709825604
0
829955410
169542729
331770912
1369026431
0
1411034933
2112401920
938674611
121518514
1536964493
951060896
322388479
1944650318
388863717
1442367844
1915995791
169243274
422875397
0
1418582679
162976466
1454748157
65508052
1826920307
1438835938
0
1171839688
449033307
1236515222
517793045
0
1652276667
892196166
1434261217
584807080
712891527
548759326
489298485
540965004
317093843
1538242462
1021851657
2058976240
71014807
1463288158
816706357
1977592500
792369995
1258520554
1567148357
1859313928
0
610288206
950052205
446885876
677428635
1330021394
1249338345
1233644424
0
0
1403815709
0
1192840139
398653170
0
667218312
480221091
1976398062
1093381797
1832963836
840537743
2141907370
1743263345
540706064
0
2082271734
1031189781
0
1301814355
1824289090
1199943249
114461104
1171394599
536157718
0
999153220
969093927
1124940074
1831430681
1627467280
1928104379
1176803126
269692229
1747035116
0
42984426
0
1965776608
0
2056381366
450225941
456319460
174923467
2145440450
1792854669
0
162098247
1991655638
1458306753
709723276
754116871
234017382
1498539169
323846660
2063958583
2105043238
1491921389
2134309236
1754228947
0
756477529
1750026640
420875407
1619782054
1329428325
806983492
130319711
628457506
1712184469
1008410864
2098727199
0
381985061
1054849552
1368690183
0
144016529
1101350008
564992759
1254577106
1272041005
629098580
1953534367
374487442
104149173
210277272
8059867
315265590
1105096549
1540361572
710806411
837111506
1942327377
0
0
1342903390
767110789
0
0
2146146982
1891541745
1093443632
1081770291
1871426318
1976952541
1608407188
572355555
0
0
0
728274959
0
1479922565
1651487340
1080623819
1881265846
2099646929
1819478480
0
356020222
1747172005
1883469884
1393489283
1588228698
525715997
1344286304
317811127
1932075722
246372821
519262372
1512634291
1849934566
1073981473
362145680
66075655
1000466830
2066833469
673147860
1474843627
1197370210
0
0
195084647
56781846
0
0
1117095155
1593961090
781492877
86797760
605852271
1192031474
309901877
1989783796
898878499
780220866
1620544709
274179864
1488564219
489667842
2072322893
676748124
644146619
1937222582
1395732969
1138477736
394278015
1162359442
282937029
0
1451059203
1264290318
1703937177
1550407136
886499463
1830207230
945303465
1326051908
1459833059
735084826
716529985
0
0
2089662482
2017976005
1657419592
1041526659
468921930
0
1858611808
382952899
1783924642
46288069
0
0
783252682
1496096281
373001568
1404454707
104341294
0
930225300
776814595
2055948338
971170585
1951522272
1186493299
0
1209651713
0
1590303459
1085739854
1950509273
1824533080
1828613671
0
1152504521
1978604740
1638785531
0
1153657529
1018918616
978783567
1081130702
1441099261
1725358316
279433995
783511230
1593057441
510262208
198448343
225404478
2013756829
1130896180
0
457117754
1181972137
0
0
1983523590
1066129877
0
0
162462698
0
691293120
902434927
1742619230
484595285
1944553708
1216760355
147174718
9595905
1320426720
100756967
377325278
1205376061
1783921884
1998873099
1209777634
188241957
2016171920
1360133627
1162262174
416906277
777534444
784529599
1547532882
142832969
545760368
321455519
2017659742
1268390829
0
1912512019
441010394
1305554361
1191602728
638894471
181969138
0
569607296
0
0
153603857
0
1967629919
1228877298
0
420849428
1766228839
1401010090
0
1762078200
1652304247
1228560734
774099085
1156681264
2016826327
1744133206
1604332205
1349296144
1236458935
288193898
672810377
1006354788
0
0
265020765
1652216360
305342183
409871550
1873390845
486051772
1828358531
328243098
797623041
875359416
0
99726366
236087149
1114400728
1672090279
0
1253759793
0
0
0
771509301
1765436532
526750691
2142611834
588234897
707243720
1250294471
0
300283613
0
1675834531
0
1234887021
1883374424
1977506023
184097382
1795569549
1059382628
0
739608702
1104441705
2062410628
640156123
0
881003733
60989796
1466321315
550945650
546900193
785899640
0
1475246630
1981192493
0
1823862619
238145682
0
2016648376
0
415375482
1325212021
1892700748
0
1344958970
2032584713
1799137260
0
1605201590
950811605
0
2069546003
0
1492384761
1012923600
1338540799
488974118
2030443733
1997093232
223962807
1406605746
1080583137
1556092328
1783531559
600051838
1937715557
1598853544
638325623
623294334
0
0
1597051279
715232110
105353021
1786103664
436236043
0
1497840069
2144156784
1761491551
353340046
0
96317808
1075563411
1194919558
1314140441
1490799064
1363230523
0
1358396421
0
1414615291
706832114
2003481929
0
532535415
319278894
1119497929
1274157172
848949927
229964154
422693641
322439500
87406191
1517833162
2127295813
1372496948
1171074827
1667044306
0
0
138096919
0
0
1142686124
0
1517602222
633032313
0
218059255
1091313702
81471441
2020386076
1685192863
1757579674
2097605625
162718672
1007790911
1077911322
333824689
483823724
2080620399
1459577226
26421433
163775668
1430272999
910520322
0
1835248916
1939766047
859543210
1027936865
0
235159503
985350
1424207373
3975908
1241561039
642701842
220573489
0
826295823
1669187366
849951825
618066580
269713723
49424562
282262641
700444756
1793086267
0
509155385
1588651556
1549229795
2012545282
429393253
776646764
701372079
0
1483507493
1219064492
1623368027
173041282
1378922401
1666387884
0
1171965874
2014119109
600768092
710286459
780647882
1238968261
0
786323359
860766414
947186981
1205665384
0
868809506
879527369
828036704
0
164130414
57193877
0
0
272000618
149316601
1162377312
1039002975
358318494
1281583925
0
0
1039547754
1664564889
0
16223663
632601022
761589325
690182212
2031712999
1371053150
1418675441
0
468919047
0
0
740967716
483134963
426364134
1477793193
172079464
288635247
393595734
0
1590378236
651119395
78876474
0
0
984911551
386240686
1426428649
298786596
392283327
32034766
0
801814416
1310803283
834295542
0
465191060
1401053851
1708385602
1250679137
1959264152
767128151
1913197158
0
0
0
1561526930
1577568061
1867855560
3190671
1455947942
1938590321
1385211404
1825532427
76491130
129204377
1837791136
2007207431
551232718
0
1262345284
245226827
720052870
531841417
0
910676023
532788038
2111698581
255333724
1671585019
949628162
977807045
768910064
964262047
711689438
1212240905
1212687220
1015070699
1570326194
1260101425
2074974832
1281356499
140683718
248425909
1520716524
1291837215
0
1464838665
817046292
610967607
19414146
0
0
1033253043
0
1354506469
990556808
743964599
575948222
1882486157
1005893220
0
0
1320814757
18324504
2110425407
110730054
690330785
735612696
0
1912902630
722044157
191308440
1330299583
1498933630
674501929
1527027592
1468312707
840493378
114609469
806611952
129086063
508182158
1291328149
452033040
1008555791
464752010
1270127853
652048260
736450155
1441014890
320745645
0
709450839
0
0
1720147720
0
133203170
0
1468836724
0
1459341010
1911468509
0
1702646311
1138308146
1021333861
0
431919551
1928332278
0
0
791141987
1773648754
1908463369
0
1709242283
2041240366
1476670513
0
57518399
580597526
297371205
129722212
703062331
1581036674
566554437
0
0
917779406
403070981
1980394880
904076799
1652005718
728264909
1725917464
8476775
1055529902
1431909229
2143578092
1149480767
2133170610
120643213
0
348450215
1897740142
983767793
1498326460
211418075
2123572066
2140427593
380333968
349548687
404130782
417977089
1415491188
0
706365138
1510132193
945036664
1598334599
1526200406
538944869
377135044
1271388551
0
36968641
204384808
1164896255
1552041626
1652895669
1705218860
1424848259
1535294174
1631201817
1681323456
2134082703
2122747318
2117434629
282537828
1768024771
1606878902
967858053
1315050016
0
441911494
706984209
2047984428
468202583
53159050
1839139033
0
1749455879
1493706166
0
944362812
1348339695
1186242922
1472524041
0
1335785791
888213510
260095129
382742236
0
377210358
243887097
493660096
1134177479
1097601270
0
211258012
1016099531
279516126
1927688145
327855592
2042809803
531443118
2092748741
150457484
904694819
777287942
1516671129
0
0
0
705182349
1674692584
1957914955
1748628962
0
1311493208
0
502630046
2084092453
714474188
1469954475
1112810330
1276792761
1254267336
1147442023
1113278222
351189821
1258049980
1669450871
1550873458
1149895833
0
2074313035
1168286806
0
0
2127160375
0
2049207273
2118583236
1735324831
0
1387573541
1737084308
261230883
322096274
0
1644913064
565319807
378461762
513306581
326888420
1281748131
1641759922
1738554193
519123368
291231479
29324414
0
37678824
0
1051383858
1540618577
403323708
251837735
974171150
0
633741820
80586931
210579050
473955089
583652016
0
1414200194
291663645
0
1010348635
380530802
0
1931251316
225135575
0
297902349
0
458713723
335841686
0
167565888
1046756599
704679186
2130019637
807467868
2119284523
1832832218
1141636465
1325645704
0
0
1956459501
702462548
864752947
374052442
757531257
0
415068399
1069718838
232642925
590396108
129103007
776980686
1532455369
916719144
1584503279
522764102
309774253
1083472884
